5596 
634 
6110 
5362 
483 
508 
215 
4285 
262 
15493 
1090 
1218 
2502 
4292 
989 
783309 
532142 
372089 
197930 
205656 
193763 
148005 
141325 
147133 
187711 
371 
867 
1424 
746 
119 
655 
6272 
67208 
68796 
62874 
55559 
25860 
27819 
32812 
30753 
23924 
61579 
43968 
61171 
85917 
32516 
11292 
45922 
4812 
43614 
81946 
53023 
4723 
12452 
16370 
3760 
11112 
7648 
1563 
0 
217 
389 
2471 
687 
565495 
514436 
504126 
409774 
226936 
218890 
256111 
242610 
204176 
478922 
391761 
459948 
694319 
280897 
108002 
376524 
32326 
343529 
664129 
409711 
46530 
109226 
149044 
39159 
106083 
76699 
275 
81 
24 
1922 
