617 37 42 40 20 13 2 49 41 44 4 0 1 4 4 29 147 89 32 16 14 13 16 13 17 0 1 3 6 2 15 463 42 45 36 30 16 17 25 17 14 46 30 57 55 18 9 22 82 19 44 29 2 8 14 1 6 7 0 0 0 12 5 0 187 197 199 128 78 98 96 116 99 153 96 357 228 100 47 138 40 131 290 126 21 26 62 21 32 17 0 1 0 9 
6 21 2 7 2 3 0 5 0 1 0 0 0 1 1 2 18 7 7 3 2 2 4 3 4 2 0 1 1 0 0 2 5 6 5 5 5 0 4 5 0 3 3 9 10 2 1 4 0 7 7 1 0 2 0 2 0 1 0 0 0 0 1 0 37 33 31 22 21 11 20 17 15 20 9 22 30 8 7 23 0 19 51 21 4 6 8 2 1 1 0 0 0 0 
73 0 188 35 5 5 5 5 5 19 2 0 1 2 0 50 3830 234 154 66 67 41 49 39 42 0 0 1 2 0 0 31 14 5 8 10 21 7 6 8 5 10 2 5 15 6 2 5 1 3 17 5 3 2 3 2 1 0 1 0 2 8 2 0 52 63 68 47 24 29 34 35 18 44 36 56 83 33 44 64 3 39 101 50 8 12 15 6 10 6 0 0 0 0 
29 0 45 482 40 14 0 7 5 18 4 0 3 1 5 63 117 51 57 59 30 14 18 12 14 0 0 1 2 0 0 106 37 54 46 33 68 7 20 42 11 32 18 21 68 23 10 38 2 30 30 41 10 6 13 4 6 3 0 0 0 5 8 0 248 186 211 129 210 65 81 328 127 120 145 132 263 107 89 197 12 77 172 270 156 18 77 12 32 11 0 0 0 3 
6 3 5 14 49 12 0 2 5 5 0 0 1 1 1 5 26 3 4 2 12 1 7 2 1 1 0 0 1 0 0 8 6 3 3 1 1 2 1 4 2 1 2 2 2 2 2 4 0 0 2 22 1 0 0 1 0 2 0 0 0 14 0 0 16 18 10 13 8 8 6 12 4 9 10 8 18 7 5 7 2 9 25 13 6 4 1 1 3 3 0 0 0 0 
5 0 7 3 7 66 1 5 5 19 0 0 0 0 0 1 7 5 6 5 3 2 7 3 0 0 0 0 1 0 0 3 3 0 1 0 2 0 0 4 3 2 3 2 1 2 0 2 0 0 4 2 6 0 0 0 6 0 0 0 0 7 1 0 15 15 15 14 5 12 13 38 28 5 7 20 8 9 5 11 3 13 28 11 5 3 10 0 3 0 0 0 0 0 
0 0 0 0 0 0 17 2 0 0 0 0 1 1 3 6 3 0 1 1 1 1 0 1 0 0 12 0 0 0 0 0 0 1 0 0 4 0 0 2 0 0 0 3 0 0 0 0 1 0 1 0 0 0 0 0 0 0 2 0 0 0 0 0 9 8 9 7 5 5 3 9 7 6 3 12 11 5 3 11 0 6 13 6 2 2 5 0 2 2 0 0 0 0 
15 9 7 11 4 4 1 90 50 104 4 0 4 8 2 36 175 90 31 37 27 25 19 26 30 6 0 0 3 1 2 15 44 27 25 27 15 13 10 11 15 29 26 168 34 18 12 20 3 12 41 19 1 8 6 1 7 5 0 0 0 12 11 0 226 179 189 129 94 89 101 112 87 143 105 189 256 84 38 151 7 107 217 147 17 29 48 17 40 25 0 0 0 3 
24 0 14 12 14 21 0 33 23 11 0 0 0 0 2 0 7 2 0 3 1 2 2 0 3 0 1 0 1 0 0 10 0 0 1 1 0 0 0 0 0 0 1 0 2 0 6 3 0 0 1 1 0 1 1 0 0 0 0 0 0 11 1 0 3 1 4 2 1 0 0 1 1 0 2 6 3 4 2 5 0 3 4 2 0 0 2 0 0 0 0 0 0 0 
41 2 47 28 7 25 0 49 7 2248 23 1 98 27 66 273 725 440 142 132 133 119 150 152 225 2 1 2 3 0 2 28 97 109 111 92 40 52 51 57 54 112 75 102 134 43 14 87 4 77 148 69 13 13 23 8 19 5 6 0 0 5 18 1 575 612 589 420 223 253 279 314 254 477 379 560 697 253 103 499 21 356 853 441 45 97 136 39 94 46 3 1 0 37 
2 0 1 1 0 0 0 0 1 18 177 0 83 0 4 40 84 39 28 20 16 33 8 13 29 0 1 0 3 0 0 3 4 2 4 3 4 1 3 1 2 3 1 2 4 3 0 2 0 2 3 4 0 1 0 0 1 0 0 0 1 0 9 0 39 20 28 28 15 19 11 12 7 17 22 23 27 9 9 31 3 14 32 26 3 12 6 3 3 4 0 1 1 0 
0 1 0 0 0 0 0 0 0 0 0 68 0 114 4 6 18 3 69 2 4 20 2 2 1 1 2 0 0 0 0 0 7 1 0 0 4 1 1 4 4 1 2 0 2 2 1 0 0 1 2 5 1 1 1 0 2 1 0 0 10 7 0 0 129 62 19 12 37 23 16 19 59 18 71 31 51 16 55 23 3 11 31 27 36 24 7 18 36 5 0 0 0 1 
4 0 0 3 0 0 1 6 0 51 18 1 284 35 6 56 118 48 18 30 18 26 19 26 33 2 16 2 57 1 0 0 16 10 15 3 0 3 1 6 4 8 8 4 19 5 2 6 0 7 12 13 0 3 3 1 3 1 3 0 0 1 11 0 105 86 90 73 48 51 33 58 25 73 63 86 96 46 29 91 4 56 128 67 7 27 21 59 15 18 0 0 0 0 
0 1 4 0 1 0 1 3 0 7 8 49 23 982 14 109 135 73 64 15 30 20 20 27 23 36 6 1 2 0 2 1 19 6 11 14 5 3 4 5 5 10 5 14 23 7 0 13 0 7 15 9 1 1 0 2 1 0 9 0 0 0 6 0 170 164 153 127 82 92 75 97 68 113 99 178 189 83 48 129 5 80 216 98 22 28 48 33 25 17 0 0 0 0 
1 1 0 1 1 1 9 3 2 136 6 3 7 61 213 16 45 20 6 12 6 7 6 24 15 0 7 1 0 0 4 4 2 3 2 1 1 3 0 0 3 1 0 2 5 1 1 5 0 2 2 1 0 2 0 0 1 0 0 0 0 0 0 0 14 23 20 11 10 11 10 21 5 12 12 20 25 12 17 22 1 18 19 21 4 4 4 3 8 6 0 0 0 0 
1 0 1 4 6 1 3 5 0 18 22 5 51 128 10 26273 92408 59754 37947 45170 48780 49154 50315 309260 58601 1 1 0 6 0 2 8 21 19 28 14 11 10 14 7 10 28 16 22 30 21 15 21 3 17 35 15 4 6 6 3 2 13 4 0 0 7 17 4 241 368 268 189 124 153 131 186 138 136 160 290 312 280 203 325 20 278 354 215 129 105 83 63 127 71 0 0 0 0 
72 4 64 31 11 13 7 19 3 90 92 74 367 367 219 56912 51064 82206 35212 41134 32288 25215 28030 29423 76736 7 7 14 35 1 8 100 516 692 529 509 155 265 326 285 163 403 272 885 656 274 120 404 146 345 792 459 50 75 175 29 65 61 4 0 2 2 192 28 3667 4603 3953 3258 1425 2015 2150 2309 1232 2604 2239 6245 4965 2208 1110 2918 997 2468 5916 3220 429 724 1430 264 593 488 2 1 0 3 
7 0 5 17 11 7 3 1 0 44 48 9 237 149 160 51977 39820 40687 37937 37581 42087 28022 23693 24056 20027 4 0 1 16 1 2 39 123 267 180 141 45 119 108 127 27 76 99 157 170 72 27 165 21 89 226 132 14 15 70 27 28 12 0 0 1 0 85 3 1028 2031 1576 1299 561 991 896 919 357 709 1115 1219 1586 886 401 1473 191 735 1902 1242 247 206 615 263 223 141 0 0 0 2 
7 1 15 11 4 1 7 3 0 29 25 9 161 172 154 24811 34031 23401 20396 15043 14724 16412 10964 11572 10926 10 2 1 3 1 3 18 74 100 65 123 37 45 38 34 20 69 62 104 110 34 18 54 7 89 85 50 10 23 28 14 23 11 0 0 0 1 58 1 863 870 747 934 483 430 439 375 269 510 565 962 1167 513 262 537 72 781 1002 616 138 261 290 236 159 140 0 0 0 4 
4 0 2 22 2 0 2 2 0 32 15 5 184 76 158 14806 20492 22427 17590 19356 24434 16856 16834 18646 15694 8 3 1 7 0 3 8 84 98 75 76 149 49 80 41 21 57 58 100 159 47 20 63 8 81 90 88 54 17 38 11 22 11 0 0 1 11 57 0 731 887 785 822 1866 495 624 471 232 569 564 846 1524 633 224 592 82 803 1066 966 502 151 311 183 266 121 0 0 0 4 
8 0 4 4 8 4 3 2 0 36 18 8 126 94 164 18794 19584 21485 16869 17646 23392 21570 14459 17032 13173 5 3 0 5 0 1 19 54 67 39 49 24 24 26 44 20 37 35 43 48 21 8 48 12 27 50 63 17 12 18 9 15 5 1 0 0 1 26 1 657 513 481 415 314 292 274 405 229 318 334 356 572 253 184 422 44 286 575 687 192 107 183 98 137 73 0 1 0 0 
5 0 3 2 4 3 2 3 0 19 16 7 138 67 155 11748 14965 16000 12899 13399 13795 16540 10805 10833 19933 1 0 0 2 0 6 8 51 47 44 36 12 32 21 25 14 23 24 23 45 16 7 34 4 28 45 30 15 10 12 9 18 5 2 0 0 3 38 1 398 364 358 335 198 254 205 188 164 261 202 236 427 166 117 314 51 222 477 389 127 88 126 81 156 66 0 1 0 1 
7 0 5 2 3 10 0 2 0 32 14 2 171 69 188 10249 15183 14022 10717 12973 12586 10353 16772 17144 11354 1 0 1 2 0 5 13 69 45 56 48 33 29 22 28 19 40 31 46 61 32 22 43 10 44 64 41 19 11 17 8 17 7 2 0 0 2 31 0 689 547 487 447 305 294 270 329 235 384 276 389 618 214 198 363 79 295 738 506 214 133 170 108 175 82 0 0 0 1 
4 1 5 1 1 2 4 2 0 38 6 7 146 60 168 14807 14545 15405 11483 12265 13509 12360 12952 18020 13834 1 60 0 9 0 1 10 50 35 26 32 19 22 11 20 19 35 22 38 49 24 12 26 6 21 38 37 13 4 18 7 11 7 2 0 6 1 28 0 474 481 362 338 265 209 224 200 230 298 242 311 515 214 268 290 38 276 485 376 221 95 132 61 117 65 0 0 0 0 
4 1 2 6 1 1 2 1 0 35 22 7 169 57 194 14984 23803 18267 15651 13711 14003 20166 15384 21020 24170 2 4 1 7 0 1 10 29 41 30 19 22 15 12 16 31 36 19 17 33 18 9 23 4 24 36 35 15 2 10 7 13 6 0 0 3 6 29 4 370 328 323 257 210 187 165 206 203 246 225 223 392 191 180 225 41 216 366 344 81 101 135 85 98 61 0 0 0 1 
0 0 0 1 0 0 0 8 85 7 1 0 19 0 1 1 6 5 2 1 2 3 1 1 3 31 2 0 1 0 1 5 1 1 0 27 0 1 1 1 2 0 3 1 0 0 2 31 0 0 2 0 0 0 0 1 1 0 0 0 3 2 3 0 3 5 6 12 2 3 0 6 1 4 6 3 6 4 3 16 0 1 6 1 7 0 0 1 2 0 0 0 3 0 
0 0 0 0 0 1 13 0 11 0 0 16 2 1 0 10 5 1 0 1 1 13 0 1 4 1 24 0 1 0 0 1 3 1 1 0 1 1 0 1 0 0 3 5 0 0 2 1 0 2 0 1 3 3 0 0 1 0 3 0 6 0 1 1 71 104 3 5 29 5 8 11 103 17 31 59 7 5 54 46 0 6 26 7 43 16 4 0 58 2 0 0 0 0 
1 0 16 3 0 0 1 3 0 6 1 0 4 5 6 5 19 10 773 3 2 2 1 3 1 0 1 39 1 33 4 0 3 5 3 2 3 1 0 1 3 5 5 6 4 2 1 3 0 0 5 3 1 0 1 0 0 3 0 0 0 0 0 0 41 29 22 22 9 9 14 21 13 23 6 24 40 11 4 25 2 19 41 15 0 5 5 2 3 10 2 2 0 2 
1 1 0 0 0 3 0 9 20 0 3 5 46 4 2 9 28 4 6 2 4 14 4 6 2 0 7 0 54 0 0 1 3 5 1 0 3 1 1 3 0 3 0 4 2 2 2 6 0 2 4 1 0 1 0 0 1 0 8 0 30 3 0 0 20 35 14 12 17 7 10 16 7 16 30 22 23 20 27 23 3 9 22 15 14 25 8 2 25 2 0 0 0 1 
0 0 2 0 0 0 0 0 0 1 0 0 0 3 1 1 3 1 7 0 0 0 0 0 0 1 0 6 0 26 1 1 1 1 1 3 0 0 1 0 0 0 0 1 0 1 0 2 0 0 2 3 1 0 0 1 0 1 0 0 0 1 3 0 2 3 2 3 0 2 2 1 0 3 2 5 2 0 1 3 0 2 4 0 0 1 3 0 0 1 0 0 0 0 
21 0 1 0 2 0 0 0 1 7 3 0 0 4 1 7 15 7 2 6 4 3 3 4 4 6 0 1 0 15 136 4 2 1 1 2 1 2 3 3 2 4 2 4 4 1 1 2 0 1 1 0 1 1 3 0 1 1 0 0 0 0 3 0 19 27 15 14 9 9 12 19 15 18 16 20 33 12 5 17 5 15 24 18 5 2 10 1 4 5 1 0 0 0 
61 0 85 109 14 18 0 20 17 21 3 1 2 19 6 74 271 145 50 40 55 32 41 39 43 1 1 0 4 5 7 389 34 39 29 21 12 10 17 20 9 21 11 49 49 57 2 26 3 29 36 20 6 7 24 1 8 5 2 0 0 8 20 0 190 197 196 211 68 95 97 93 88 116 124 449 398 537 26 189 16 244 307 162 61 57 62 21 67 48 1 1 1 2 
28 0 2 37 5 44 14 2 1 21 24 18 72 153 3 521 980 418 240 204 189 147 249 167 171 2 6 1 3 2 1 20 999 1869 978 2034 366 448 699 398 986 696 826 6220 3261 6570 199 967 188 3133 2738 812 963 623 255 162 476 704 2 0 0 0 49 1 557 1058 612 1224 202 232 386 179 774 210 381 4586 2190 5156 136 818 143 2232 1652 504 1193 485 121 105 318 384 0 1 0 2 
31 0 7 6 1 32 3 2 0 18 6 6 122 98 4 423 467 216 267 187 150 102 78 80 74 0 1 1 6 4 3 165 8092 875 237 236 5064 288 238 575 3610 315 197 2989 515 211 4472 149 28 4759 282 166 3047 64 108 49 235 29 0 0 0 2 49 0 6001 215 83 109 4727 49 55 134 2741 94 64 2680 127 56 3589 44 6 5133 79 57 3065 27 46 16 139 17 0 0 0 1 
18 0 11 12 2 19 1 3 0 9 14 5 74 117 19 519 365 168 157 123 74 59 67 76 64 2 2 0 1 1 3 170 8285 420 468 307 1561 143 132 9731 1170 431 165 1712 457 169 5580 205 22 2665 290 202 1947 157 112 39 361 59 0 0 1 4 35 0 5920 78 77 60 851 42 33 6784 720 110 47 1359 115 69 4237 50 4 1725 113 36 1035 26 35 15 314 29 0 1 0 4 
25 0 6 6 1 24 36 1 4 13 6 2 116 139 3 429 540 234 299 158 102 63 61 77 71 1 1 0 2 1 0 134 8357 322 378 423 6414 193 182 349 3672 950 161 291 495 213 3466 141 42 1863 326 215 1574 102 237 93 467 64 0 0 0 2 44 4 6531 86 87 63 4738 31 43 144 2795 251 40 66 129 75 2869 43 9 1749 89 46 1467 44 123 15 391 36 0 0 0 3 
6 0 3 13 0 7 2 0 0 1 4 1 45 59 1 154 241 122 82 62 52 53 59 42 50 1 1 0 7 1 1 17 764 301 384 1345 235 171 211 120 234 176 134 3053 1836 896 58 151 38 1575 1357 382 259 762 105 249 138 156 0 0 0 2 20 2 480 143 220 713 117 78 131 46 201 48 78 2108 1488 617 34 108 30 834 665 320 222 545 37 239 79 75 0 0 0 3 
16 0 3 0 0 5 0 2 2 16 2 10 11 59 2 152 230 113 107 71 50 42 38 52 37 4 7 0 8 0 0 64 3138 108 176 94 1691 169 100 95 1446 80 35 1675 133 64 1315 48 16 2532 105 117 1843 32 31 30 60 17 16 0 1 0 7 0 2189 29 49 28 1264 54 23 29 1400 31 12 1582 32 21 1166 14 6 2245 30 23 1203 39 10 14 31 15 0 2 0 1 
14 0 4 8 0 6 0 1 1 5 1 1 166 60 4 281 254 116 145 99 58 32 56 43 38 0 2 0 1 1 4 57 3470 196 125 159 2146 84 215 426 1927 98 53 785 267 112 2912 101 24 2319 206 227 1600 56 193 23 169 31 1 0 0 1 34 0 2575 52 34 40 1757 24 29 181 1598 34 19 548 94 60 2526 25 3 2307 46 49 1104 20 128 6 121 11 1 0 0 2 
8 0 5 3 2 16 1 2 1 7 2 1 25 46 1 305 181 122 176 86 37 42 37 60 28 0 0 0 1 1 0 104 4276 192 99 109 2566 57 104 195 1386 118 91 104 190 83 4202 178 24 111 194 99 1265 48 59 16 221 22 1 0 0 1 19 1 4386 37 34 23 2528 14 26 30 1029 33 26 38 64 41 3537 66 9 55 55 30 1109 16 25 10 193 8 0 0 0 0 
4 2 4 4 1 10 48 33 0 28 4 14 36 37 3 50 99 59 34 60 31 24 23 62 20 0 1 155 4 2 2 12 527 187 448 343 114 80 189 324 114 64 192 5323 1113 1281 178 131 23 754 1060 442 72 488 143 40 80 236 1 0 1 0 92 4 506 117 403 162 61 57 173 290 27 25 103 2597 651 1188 76 64 10 549 846 331 17 284 180 27 72 194 3 0 0 1 
10 2 5 7 1 51 5 3 3 18 14 5 129 151 1 610 619 301 310 181 124 109 120 125 99 3 1 1 2 0 1 165 10180 504 614 481 4962 203 236 1062 1091 837 333 600 854 268 6896 345 32 690 352 319 4113 145 173 14 149 48 0 0 1 3 56 2 7721 150 142 140 4450 60 58 221 771 96 91 152 218 82 4706 93 14 184 138 77 3087 28 64 13 62 19 0 1 0 2 
31 0 3 6 0 26 4 0 1 7 6 3 79 66 2 259 477 164 204 110 83 54 59 105 98 1 0 0 4 1 2 114 6217 273 325 227 4109 80 131 678 5136 275 429 634 478 341 1507 143 17 1193 208 263 723 53 207 27 777 35 0 0 1 1 28 0 5499 81 105 81 3064 35 40 372 3365 70 73 303 156 298 1247 52 4 1109 87 86 567 33 126 6 609 14 0 0 0 1 
39 2 2 6 1 15 6 1 0 12 9 3 22 118 4 550 541 180 225 114 73 90 62 104 70 3 3 0 0 1 0 116 7492 275 217 174 4081 114 142 252 8106 208 173 570 409 108 8062 229 23 184 235 140 3821 127 74 28 693 23 2 0 0 2 30 0 4957 92 80 64 3551 26 47 98 4766 61 42 179 104 45 4934 54 6 45 56 54 2780 54 18 12 667 13 0 0 0 0 
45 0 7 13 4 50 4 3 3 15 11 6 29 143 3 559 771 260 321 197 116 107 86 96 112 3 0 1 3 0 0 321 17046 290 996 303 4980 149 260 479 7671 518 232 379 587 256 6361 265 24 1229 1252 253 1829 144 141 56 2777 843 2 0 0 1 41 1 12615 102 730 98 3557 52 65 102 5730 92 75 115 129 111 4362 90 10 841 447 93 1571 25 51 34 1897 262 1 2 0 4 
20 0 2 5 0 12 3 1 1 7 2 2 9 47 2 265 304 107 159 74 49 47 42 57 38 1 0 1 2 0 1 84 4820 198 194 120 3617 80 192 204 3845 174 71 104 154 143 2797 71 10 99 200 108 959 67 92 16 574 43 0 0 0 1 16 0 3226 38 41 40 2247 22 97 55 3017 34 19 27 53 42 2115 31 4 32 61 37 699 21 20 8 206 11 0 0 0 0 
1 2 1 0 0 4 13 0 0 2 5 1 12 23 0 15 72 36 22 17 19 17 14 19 15 0 1 0 1 0 0 5 184 196 487 226 45 86 119 200 101 96 205 705 596 645 159 243 10 732 648 218 186 108 115 53 59 112 0 0 0 2 7 0 139 143 437 169 25 58 50 128 56 28 105 525 278 377 62 174 5 683 380 135 140 89 87 39 18 101 0 0 0 0 
43 0 5 3 0 10 3 2 4 9 6 1 30 95 4 309 278 132 187 114 60 50 49 84 49 0 2 1 0 7 1 209 6069 148 182 116 3436 80 91 855 3823 170 93 1129 171 109 4078 226 34 2252 304 126 2110 52 99 41 98 20 2 0 0 0 25 0 4467 50 58 44 2656 42 18 856 2692 35 35 750 52 41 2534 53 9 1817 232 36 1574 22 58 15 81 9 0 0 0 0 
15 0 3 1 1 1 1 0 0 1 3 1 23 8 0 14 89 48 23 20 13 16 15 24 14 0 0 0 0 0 1 7 203 50 25 20 34 11 10 23 41 11 22 33 45 28 22 27 73 32 57 100 1485 15 383 10 11 11 0 0 0 0 12 0 95 23 8 10 24 6 6 12 33 7 9 13 18 10 18 13 17 20 10 33 1069 7 187 3 11 13 0 0 0 0 
19 1 4 6 0 28 2 4 1 11 8 9 23 118 3 448 353 177 232 142 74 60 51 78 55 0 0 0 1 3 0 114 5175 253 227 193 4717 133 136 517 2856 252 111 183 253 148 5906 117 18 265 218 133 1495 85 79 38 663 31 0 0 0 1 18 0 4197 58 68 47 3118 30 43 355 1833 74 41 45 86 44 5133 44 7 49 64 50 1244 24 30 12 657 14 0 0 0 0 
23 2 10 5 2 15 0 3 1 6 12 5 23 127 5 366 518 214 256 141 89 76 99 175 442 3 1 0 1 2 0 111 7277 279 1452 321 5790 159 180 7027 2545 209 1370 1046 1472 1042 3227 1861 180 313 534 3916 2891 95 1151 174 517 55 1 0 0 3 41 0 5291 80 1655 62 3107 39 64 5209 2088 106 1087 650 1189 940 2349 2041 198 124 106 3619 2600 80 877 48 412 64 0 0 0 0 
32 1 1 3 3 26 8 1 1 12 5 5 156 126 1 312 385 162 210 91 87 64 60 59 67 0 2 0 5 0 1 89 5474 302 225 154 3837 92 135 2791 3606 320 292 277 364 227 3558 119 88 3600 287 321 1311 83 883 86 1253 37 0 0 1 2 36 0 4072 107 60 58 2593 19 38 2158 3140 102 81 74 120 66 2869 41 12 2785 183 73 973 22 706 37 868 29 0 0 0 1 
0 0 0 4 0 0 0 0 0 1 1 0 9 11 0 21 30 41 16 13 14 12 14 22 10 0 1 0 1 1 0 2 49 76 122 52 21 64 95 39 43 25 82 164 121 608 16 179 13 346 614 132 22 40 64 8 22 28 0 0 1 1 11 0 15 30 55 26 15 11 41 22 17 11 34 127 59 419 17 57 5 164 184 63 9 7 21 6 6 19 0 0 0 1 
14 0 2 2 1 4 0 0 0 4 2 1 24 22 1 88 184 76 80 31 33 31 23 31 24 0 0 1 0 1 0 35 1903 100 89 46 1217 38 70 98 2279 54 41 106 75 27 454 38 9 93 75 67 52 66 58 13 37 11 0 0 0 0 11 0 1254 38 27 18 893 10 14 25 1538 16 18 89 28 20 406 11 2 48 26 14 44 19 16 11 21 4 0 0 0 0 
10 0 2 1 0 1 0 0 0 3 2 0 5 24 3 117 185 56 125 44 33 23 28 48 18 0 1 0 0 0 0 52 2080 58 64 56 1874 42 52 848 1885 49 61 64 69 42 832 44 20 171 131 91 131 41 281 31 128 12 0 0 0 0 2 0 1465 19 22 24 1071 12 12 716 1738 14 13 37 22 18 756 13 4 123 26 29 94 10 49 9 129 5 0 0 0 0 
3 1 0 2 0 1 1 0 0 3 0 0 61 7 0 40 80 42 45 24 22 17 18 19 16 1 0 0 0 0 1 5 281 60 63 65 105 28 18 44 219 26 26 54 69 21 165 62 12 53 63 79 50 25 15 334 62 39 1 0 1 0 23 0 249 42 47 18 118 20 11 19 125 19 17 15 44 9 54 31 8 27 42 85 31 9 18 166 22 38 0 0 1 3 
3 0 2 0 0 4 0 0 1 2 0 1 8 26 0 111 77 91 68 33 27 20 23 23 20 1 0 0 0 0 1 16 2093 62 74 47 1051 28 57 120 213 31 36 87 81 78 1833 30 7 62 88 66 899 120 17 16 69 45 0 0 0 0 3 1 985 14 19 16 514 6 12 27 137 11 11 35 22 36 762 13 4 35 45 24 379 80 10 5 16 22 0 0 0 0 
5 0 1 1 1 2 1 2 0 0 1 1 13 3 1 56 94 41 54 29 19 16 18 26 22 0 0 0 0 0 0 26 1526 33 25 25 567 13 25 138 374 18 30 33 35 23 492 16 7 28 55 24 309 12 28 168 143 105 2 0 0 0 5 0 977 18 14 17 518 3 13 78 345 10 7 17 34 10 420 15 3 22 43 14 176 2 57 72 41 29 0 0 0 0 
0 0 1 0 0 0 2 0 0 6 1 12 4 6 2 7 29 11 4 10 11 37 4 5 8 0 18 0 1 2 0 3 10 6 2 2 1 1 4 1 1 2 4 10 7 4 0 7 1 4 7 2 5 2 5 1 0 0 66 0 48 3 1 0 112 71 63 42 45 32 29 84 58 34 52 39 67 16 16 72 4 56 94 36 30 49 22 18 20 9 2 0 0 0 
0 0 0 0 0 0 0 0 0 0 0 0 0 0 0 0 0 0 0 0 0 0 0 0 0 0 0 0 0 0 0 0 0 0 0 0 0 0 0 0 0 0 0 0 0 0 0 0 0 0 0 0 0 0 0 0 0 0 0 0 0 0 0 0 0 0 0 0 0 0 0 0 0 0 0 0 0 0 0 0 0 0 0 0 0 0 0 0 0 0 0 0 0 0 
0 0 1 0 0 0 11 0 1 0 0 9 0 0 0 0 1 0 3 0 1 8 0 0 1 0 1 0 2 0 0 0 0 2 0 0 0 0 1 1 0 0 0 0 0 0 0 0 0 0 1 0 0 0 1 0 0 0 31 0 9 19 0 0 5 11 1 8 2 2 6 13 1 1 9 4 2 7 0 5 2 2 4 4 13 4 0 0 7 0 0 0 0 0 
8 0 1 4 8 10 0 12 0 15 1 0 6 4 0 3 6 4 3 2 3 1 1 2 4 0 0 0 0 0 0 6 2 4 3 0 0 1 1 0 1 1 3 2 1 1 1 2 2 1 2 5 0 1 3 0 11 0 0 0 0 90 20 0 5 8 9 7 1 3 12 6 2 6 5 7 7 4 4 6 0 3 17 6 0 1 1 1 4 1 0 0 0 1 
4 0 4 0 0 0 0 1 0 6 5 0 10 4 4 54 98 48 16 21 19 11 11 11 19 3 0 1 1 1 0 4 11 8 8 11 4 3 8 11 3 12 9 14 25 5 2 13 1 12 21 6 4 3 2 0 6 0 1 0 0 2 211 0 108 110 116 81 41 47 63 45 40 97 74 96 147 66 26 91 8 84 160 84 12 25 26 13 20 16 0 1 0 1 
0 0 1 0 0 0 0 1 0 2 0 1 0 0 1 8 125 13 8 8 4 1 1 8 10 0 1 1 1 0 0 0 1 3 1 1 0 0 1 1 0 6 2 2 2 1 0 4 0 0 4 7 0 1 0 1 0 0 0 0 0 0 0 54 20 31 25 13 7 16 8 13 12 18 12 32 18 13 5 66 8 14 38 12 1 5 5 2 2 3 0 0 0 1 
35 0 19 49 3 120 19 4 2 38 80 76 277 654 25 3828 7192 3760 2010 1763 1663 1395 1762 1415 1490 0 75 2 45 2 6 27 56 54 17 39 14 20 19 16 20 16 13 162 76 171 8 32 21 81 63 27 34 15 15 10 22 16 13 0 1 1 175 4 11520 24984 15844 29486 6434 5951 9662 6585 17889 9660 13828 83650 46862 87166 4107 14069 2811 44280 39094 12185 15497 8264 4388 2564 8905 10740 0 1 0 1 
68 1 9 9 2 72 14 4 0 54 29 14 596 519 17 2842 3726 1829 1749 1501 845 706 708 727 623 0 27 1 16 0 4 299 154 16 8 5 101 6 6 22 60 9 2 89 13 11 77 2 4 131 12 4 77 3 3 4 7 5 3 0 0 8 176 0 101113 10613 3396 3359 77829 3082 2432 10406 45651 4346 2849 37736 5681 2599 64263 1601 188 59830 4017 2398 46300 823 1545 569 3317 458 0 0 0 5 
28 3 30 10 1 73 14 2 2 29 40 52 358 567 75 3208 3287 1680 1219 1289 780 683 678 727 664 4 22 3 20 1 3 381 171 10 10 11 25 7 7 196 14 8 15 56 19 7 113 7 2 55 4 5 40 15 4 3 19 6 9 0 5 4 141 3 106854 4796 6306 4495 20724 2038 2174 119739 17334 6123 2865 25837 7219 2590 76593 2751 231 33442 4882 3064 25391 1884 1829 536 6346 1154 0 1 0 3 
42 4 12 15 3 76 72 0 1 32 46 58 398 501 16 2555 3544 1633 1898 1168 670 649 530 570 548 1 28 1 24 1 4 278 180 7 8 16 94 4 7 19 69 8 9 10 5 8 57 9 4 46 5 6 30 4 6 3 12 4 11 0 22 57 131 6 102265 3740 4376 4596 78997 1748 2191 6334 46509 10914 2481 3571 5691 2709 47550 1859 307 25023 4041 2113 23792 1538 3003 795 6411 983 0 0 0 1 
5 0 2 14 0 35 6 0 0 15 19 17 218 242 8 929 1785 920 658 496 485 375 385 407 440 1 15 1 44 0 2 21 13 8 10 26 11 6 4 3 9 9 7 83 49 25 6 5 6 30 24 10 5 17 2 27 5 4 0 0 0 0 79 0 9621 3773 5550 17227 3692 2528 3618 1945 5650 2734 2905 42206 29690 13342 1077 2916 579 21222 15563 5803 4615 11356 1873 4236 2815 2368 1 0 0 2 
27 2 10 5 2 14 4 2 1 46 4 25 101 206 8 916 1552 785 614 618 325 280 243 340 307 0 14 0 12 0 1 142 59 7 6 6 22 5 3 3 18 2 5 48 6 7 34 2 1 68 1 3 30 1 5 4 2 5 5 0 12 3 47 0 44440 1279 1825 1242 23520 2015 1054 1738 24882 936 668 22890 1433 708 21003 657 127 33242 1382 1203 23036 451 512 342 1032 246 0 0 0 0 
28 2 5 11 3 22 16 1 1 23 18 67 497 278 8 1775 1681 815 809 642 385 348 370 425 359 9 14 1 20 0 2 132 72 5 12 2 49 4 8 9 32 1 2 22 9 5 54 4 4 55 8 18 35 6 6 1 4 2 70 0 23 1 100 2 46963 2139 1662 1664 30410 1240 2379 6330 28277 1281 790 11191 3313 2004 39778 1227 169 31911 2263 2427 22230 822 2938 267 2727 313 0 0 0 3 
20 0 4 6 1 33 5 2 1 14 12 16 75 192 8 1671 1389 1155 1054 706 362 339 327 614 317 2 1 4 10 0 2 203 106 3 7 5 70 2 3 10 23 9 8 7 6 5 93 8 5 12 7 7 20 6 3 2 13 4 2 0 3 0 34 0 67329 2023 1566 1466 38550 671 1759 1895 21838 1542 1253 1777 2573 1301 54501 1911 180 1830 2178 1590 20450 575 736 231 3616 239 0 1 0 0 
11 3 4 13 2 23 171 229 1 97 7 186 237 219 9 319 753 390 321 366 241 195 158 511 229 4 29 1121 11 8 10 25 19 10 26 10 8 7 8 25 5 8 9 289 33 33 7 29 3 20 41 24 11 7 14 2 2 10 12 0 9 4 328 12 10238 2922 8181 5097 1798 1624 2883 5732 1487 1144 4081 60962 15645 20874 3282 2077 473 10558 14117 6696 1452 6379 2737 688 2304 3809 1 1 0 5 
12 3 5 9 0 129 33 3 2 40 51 50 520 785 17 3977 4505 2474 1896 1471 1153 983 1050 959 959 1 12 1 23 1 4 302 195 16 11 11 105 7 5 23 9 12 10 15 14 17 118 9 5 17 10 8 65 6 4 3 12 3 4 0 0 4 190 3 120910 6090 8118 6477 69671 2312 2782 16912 19477 9153 5226 7829 10884 3598 87509 4435 317 8233 5405 3964 50245 1793 2425 258 1906 644 0 2 0 5 
75 1 5 11 2 69 14 2 0 21 41 78 456 474 12 2456 3904 1949 1512 1157 888 676 828 1046 962 0 3 2 13 0 1 292 105 2 8 7 49 4 4 17 66 11 7 19 9 19 27 6 6 31 9 10 10 1 2 0 18 2 4 0 7 3 176 1 97817 3712 5016 3569 55916 1232 1758 12037 67728 4038 5673 10804 7173 5704 29984 2379 208 19158 3839 3813 15367 996 3527 369 11828 520 1 0 0 4 
76 1 8 4 0 33 22 11 2 31 21 76 130 472 15 2969 2850 1055 1248 801 507 665 439 567 492 0 79 3 17 2 2 225 102 1 8 7 62 1 4 7 85 3 6 22 5 8 144 3 3 7 6 7 50 3 2 2 13 2 20 0 10 3 67 2 87948 2553 2829 2235 60445 1370 1672 4124 91120 2750 2240 6295 5093 1349 97088 2457 187 1854 2737 1764 53508 1784 1034 307 11397 319 0 0 0 0 
106 4 14 26 2 169 8 5 3 39 57 76 197 757 22 4116 5673 2540 2318 1792 1033 931 908 994 952 2 11 1 29 2 6 732 314 6 32 10 83 8 9 22 122 9 11 22 18 16 134 9 6 25 22 5 35 6 8 5 49 13 2 0 1 5 181 4 229537 4510 13809 4486 74060 1978 3423 8564 107048 7024 3891 5506 8526 3932 81872 3430 326 15161 11915 3648 29059 1879 2128 947 38113 4826 1 1 0 1 
41 0 1 2 1 25 16 1 2 23 26 6 81 227 11 1570 2260 1144 991 671 412 399 406 538 442 0 3 2 8 0 1 192 98 4 6 11 55 7 12 6 58 3 13 2 4 8 55 5 4 5 8 8 14 3 9 4 5 7 0 0 1 0 70 2 66975 2379 2503 2168 45985 1016 3664 4042 54832 2278 1277 1428 2402 2188 44921 1087 161 1442 2434 1567 16640 875 1073 266 6727 577 0 0 0 0 
4 1 3 6 0 7 39 0 0 3 5 11 73 103 0 254 590 432 197 222 195 240 191 247 221 0 21 0 3 1 0 8 11 4 9 3 7 4 5 5 3 2 8 16 6 14 9 0 1 15 16 5 7 4 1 3 5 5 0 0 5 31 32 2 2899 3272 6578 3875 723 1525 1785 4165 2195 1298 3902 11389 7722 10348 3054 4745 114 11092 8352 3885 3561 1869 2216 902 1010 2209 0 1 0 0 
115 1 4 7 3 43 15 5 1 33 10 22 229 415 10 2177 2285 1105 1227 805 423 407 449 460 435 3 12 0 12 0 1 356 158 5 6 7 67 4 5 29 63 2 6 39 12 6 79 6 3 77 14 11 30 5 3 2 8 4 32 0 2 8 84 3 85392 1886 2469 1553 48075 1102 1246 14021 54519 2291 1653 14948 2277 1573 57643 3354 343 27956 4766 1809 30772 731 1621 438 1921 312 0 0 0 2 
4 0 0 3 0 2 1 1 0 4 0 1 50 36 7 158 526 288 158 142 116 86 156 140 114 0 0 0 1 0 1 6 17 6 3 3 2 2 1 8 1 6 9 6 4 5 3 1 3 4 2 4 22 4 12 2 2 3 1 0 9 0 18 2 2584 475 306 307 591 131 106 302 918 180 342 320 350 220 412 551 760 341 547 1279 15006 143 3467 93 212 215 0 0 0 1 
29 1 6 7 3 54 14 1 3 18 18 14 114 407 7 2209 2439 1294 1481 900 560 501 517 483 440 1 9 1 8 0 2 197 121 6 8 11 78 3 4 14 34 7 7 16 5 8 100 5 2 6 7 10 25 6 2 4 16 1 2 0 46 8 85 0 70743 2909 2952 2441 64724 1286 1676 8947 36666 3479 1592 2567 3485 1674 78577 1488 210 3138 2950 1952 23273 1010 1113 428 11458 403 0 0 1 0 
38 2 18 5 1 83 15 6 0 30 46 106 184 694 23 3013 4107 2165 1775 1373 873 791 930 1673 4565 1 41 2 13 0 2 271 141 14 42 10 67 7 8 133 41 7 35 33 34 19 63 50 13 8 20 93 60 4 33 6 11 1 18 0 22 1 128 1 107182 3830 22682 4115 66900 2204 2607 88982 41382 3646 21165 15528 21171 14238 47527 28537 2820 5234 7089 54641 45587 2035 16724 3300 9465 1562 0 1 0 5 
50 2 5 9 1 61 23 4 2 20 22 13 532 559 12 1887 2570 1224 1319 821 567 522 547 533 508 0 4 0 14 0 3 151 101 15 4 5 52 2 8 44 51 4 6 9 11 10 51 4 12 36 4 7 24 2 21 3 23 4 2 0 4 3 121 3 72645 3394 2874 2206 47439 1059 1796 40064 51102 4305 3985 3713 4439 2727 53168 1641 1118 42567 4716 3834 20971 1100 10107 1157 14045 904 0 1 0 2 
2 0 1 9 0 21 5 2 1 2 9 11 44 71 1 149 233 407 123 295 109 98 115 157 102 0 6 1 7 0 0 7 4 2 4 2 3 7 4 6 1 1 7 11 4 18 1 3 4 14 10 8 2 3 5 2 4 2 1 0 2 2 51 4 848 1282 1620 1043 434 724 1541 840 654 439 1254 2886 2687 9394 429 2163 89 5508 5837 2137 450 449 522 143 429 546 0 0 0 1 
23 0 1 0 1 15 2 1 0 5 10 35 153 125 7 674 1386 565 535 369 253 310 249 326 222 0 4 0 5 0 2 93 35 3 4 3 26 1 2 8 35 8 2 5 4 5 17 2 1 12 4 4 7 5 7 2 6 2 3 0 2 4 49 0 26119 1690 1126 676 17869 480 724 2153 31392 912 628 2024 1203 667 7678 686 118 1502 1080 797 1338 931 575 182 792 243 0 0 0 2 
27 0 4 4 0 9 3 0 1 8 6 56 39 125 31 927 1395 540 729 403 255 201 256 349 250 0 4 0 14 0 3 76 34 1 5 0 28 4 2 29 29 5 4 5 6 5 18 3 3 4 3 2 2 6 9 4 7 1 4 0 4 0 32 1 34855 876 1190 990 26709 605 571 12921 28614 827 761 1246 1229 801 15293 775 295 2555 1626 1284 2673 621 3166 346 2074 166 0 0 0 0 
14 0 3 2 1 7 4 1 0 11 7 4 519 157 6 434 735 458 453 257 246 226 182 172 178 0 16 1 5 0 1 22 19 9 14 30 7 6 5 6 11 12 5 10 11 7 7 6 2 9 11 9 8 3 6 92 5 0 2 0 37 8 131 0 4584 1022 1096 612 2386 444 318 942 4425 504 512 804 1179 336 2597 922 170 804 981 1671 1119 325 254 4689 1301 544 5 0 0 2 
2 2 0 3 0 6 2 2 0 2 5 2 40 130 4 723 692 741 407 309 205 207 189 195 192 0 0 1 3 0 0 69 34 1 2 4 21 2 2 8 2 4 6 6 1 5 25 0 5 5 2 4 15 2 4 4 8 3 0 0 2 0 20 0 27499 823 840 850 14380 370 577 2068 3812 390 608 1346 1230 1595 23870 492 125 1238 1499 930 13806 1457 270 212 836 629 0 0 0 0 
4 1 2 1 0 5 1 2 0 4 6 27 49 44 6 485 746 418 365 244 181 218 302 275 310 1 0 1 1 0 0 43 34 3 2 1 15 4 4 17 7 3 3 4 2 2 16 2 0 4 1 3 8 3 3 9 6 11 1 0 4 4 27 0 22406 463 494 487 11477 184 321 3081 7719 324 376 516 757 463 10158 344 134 471 968 609 5188 329 705 1701 1770 1308 0 0 0 1 
0 0 0 0 0 0 0 2 1 4 1 0 1 1 0 0 5 3 2 2 2 0 0 2 0 0 0 0 0 0 0 4 4 3 2 3 1 1 1 3 3 1 2 4 3 2 1 4 0 0 9 3 0 1 0 0 0 0 5 0 1 0 1 0 9 13 3 11 2 3 3 6 12 5 13 12 12 4 0 14 2 11 16 6 1 0 2 3 3 1 7 0 10 3 
0 0 0 0 0 0 0 0 2 0 2 0 1 0 0 1 9 3 3 0 0 0 0 0 1 0 0 0 1 0 0 2 2 0 0 0 0 0 0 0 0 2 0 2 1 0 0 1 0 1 0 1 0 0 1 0 0 1 1 0 0 0 2 0 3 1 2 1 0 0 1 3 0 0 2 1 4 1 1 2 0 3 3 0 0 1 0 0 0 0 0 8 3 1 
0 0 0 0 0 0 0 1 2 1 0 0 0 0 0 1 0 0 2 0 0 0 1 1 0 1 0 0 0 0 0 0 0 0 0 0 0 0 0 0 0 0 1 0 0 0 0 1 0 0 0 0 0 0 0 0 0 0 1 0 0 0 0 0 0 0 0 0 1 0 0 0 0 0 0 1 1 0 0 0 0 1 0 0 1 1 0 0 0 0 5 0 0 0 
64 0 0 10 0 0 0 1 1 107 2 0 0 1 0 9 58 15 13 5 2 6 5 6 11 0 0 1 0 1 0 10 20 24 15 8 5 3 8 10 8 9 11 21 28 15 5 9 2 15 23 14 1 6 1 2 1 2 0 0 0 1 4 2 72 94 82 56 36 39 38 39 49 57 56 92 92 28 9 66 6 56 139 58 2 16 17 16 13 8 1 1 0 83 
