181 5 15 37 12 7 0 16 23 16 3 0 4 2 2 16 62 47 28 8 9 9 11 6 7 1 1 2 1 0 7 131 23 18 22 10 5 10 10 6 7 11 8 33 15 27 5 13 6 17 16 13 3 4 10 3 5 3 0 0 0 6 1 1 97 65 120 44 38 36 64 27 30 28 49 141 96 217 26 52 7 60 90 60 12 24 18 18 11 29 0 0 0 12 
5 10 11 2 1 1 0 0 0 2 0 5 0 0 1 0 1 2 5 0 1 2 0 0 0 0 0 0 3 0 0 1 0 1 0 0 1 0 0 0 0 1 0 1 1 1 0 0 1 0 0 2 0 2 2 0 0 0 0 0 0 1 0 0 8 2 2 5 2 2 0 0 0 2 1 2 10 5 0 1 2 8 3 5 0 3 0 0 0 0 0 0 0 0 
34 1 53 39 19 3 0 3 11 18 0 0 0 1 3 15 76 32 29 8 12 9 10 9 7 0 0 0 0 0 0 39 8 3 3 2 9 1 4 2 1 0 2 5 4 1 3 1 2 6 6 3 0 1 3 0 0 1 0 0 0 6 1 0 36 18 22 20 7 9 10 9 13 12 5 27 29 16 5 14 0 17 26 22 3 4 4 8 3 2 0 0 0 0 
16 2 26 223 27 6 0 8 9 14 2 0 0 2 0 16 29 15 14 17 8 8 6 6 7 0 1 1 2 0 1 20 5 10 8 7 4 6 7 13 1 7 8 4 16 5 0 5 1 3 12 7 2 1 2 1 2 1 0 0 0 16 2 0 32 35 34 29 34 15 20 64 14 30 14 34 66 17 12 25 6 26 33 36 11 4 11 2 7 4 0 0 0 1 
13 1 8 16 19 18 0 3 11 6 2 0 0 0 1 3 9 5 1 4 3 5 4 0 4 0 0 0 1 0 2 7 6 2 2 1 0 1 0 2 0 0 1 4 3 1 0 3 0 3 0 0 0 0 0 0 1 0 0 0 0 8 0 0 6 11 6 4 0 4 2 7 1 5 3 8 6 3 6 8 1 5 3 6 0 1 0 1 1 1 0 0 0 0 
15 0 10 5 9 26 0 2 11 13 2 0 1 0 2 4 12 8 2 3 3 2 1 4 6 0 1 0 1 0 2 11 28 32 17 18 9 9 16 10 7 54 24 15 57 10 6 6 1 23 25 24 1 5 6 0 0 0 0 0 0 11 1 0 88 83 80 75 27 32 36 38 26 126 66 48 197 44 13 34 1 53 76 68 5 21 21 3 21 4 0 0 0 0 
0 1 4 0 0 0 3 0 0 0 0 7 0 3 7 1 8 2 3 0 0 2 1 3 3 0 8 0 5 0 0 0 11 1 4 4 1 0 1 2 1 2 6 7 16 10 2 1 1 4 7 2 1 0 0 0 1 2 7 0 8 2 0 0 65 18 18 17 13 4 7 6 9 8 12 41 222 30 10 9 3 10 71 14 9 7 5 1 7 9 0 0 0 0 
18 1 2 4 5 8 0 30 45 35 3 0 1 0 2 7 14 3 3 5 1 1 4 5 1 3 0 0 3 0 0 8 3 4 1 3 2 3 3 6 3 2 2 198 4 1 4 1 0 1 1 1 0 0 0 0 0 0 2 0 0 8 1 0 19 9 10 11 9 2 7 7 5 9 5 61 24 5 7 6 1 9 15 8 5 3 4 0 4 2 0 0 0 1 
13 1 3 3 6 5 0 22 32 9 0 0 1 1 2 4 11 5 2 4 2 2 2 3 4 4 2 0 6 1 1 10 0 3 1 2 0 0 1 1 0 3 3 0 0 1 1 6 1 1 2 1 0 0 0 0 0 1 1 0 0 2 2 0 6 11 15 8 4 0 4 7 8 3 4 11 11 9 2 6 1 6 9 9 1 4 5 0 1 0 0 0 0 0 
22 0 12 17 5 24 0 18 38 628 9 1 93 7 38 77 201 124 55 53 52 25 50 48 94 3 0 0 0 0 2 10 29 26 29 19 12 7 11 18 12 20 15 37 25 17 10 18 2 20 22 19 4 3 9 0 4 3 0 0 2 6 8 0 164 123 114 90 63 58 44 55 54 104 79 155 161 92 39 76 5 94 177 111 19 21 22 8 30 13 0 0 0 25 
0 1 2 1 0 0 0 0 2 20 72 2 23 2 2 13 90 65 26 19 26 30 15 16 28 0 0 0 0 0 3 3 16 8 6 13 8 2 1 2 4 12 6 11 10 5 1 5 1 7 8 9 0 3 1 0 3 0 0 0 1 0 4 0 62 44 49 25 34 13 22 19 16 50 43 33 65 23 10 27 4 31 43 32 6 10 4 3 8 6 0 1 1 0 
0 0 2 0 0 1 1 0 0 0 0 41 1 32 2 9 30 38 178 8 6 11 3 11 11 1 27 0 11 0 1 0 7 8 3 1 3 6 2 9 3 4 2 5 4 3 1 2 0 3 5 7 1 2 0 0 1 0 5 0 35 12 0 0 80 42 18 28 23 16 32 31 52 108 79 63 47 18 43 32 9 39 54 23 16 57 7 8 13 3 0 0 0 0 
1 0 0 6 0 0 0 0 13 90 31 5 111 11 6 160 636 434 130 130 88 84 91 97 100 3 1 1 12 1 0 4 23 153 34 53 13 22 25 27 11 24 13 65 101 29 12 21 6 86 55 74 47 7 28 6 5 9 1 0 2 6 3 0 287 868 261 413 118 167 136 186 111 177 192 478 673 249 108 223 19 449 432 431 248 66 189 44 41 64 0 1 0 0 
2 0 2 1 1 2 1 1 2 8 6 104 41 555 51 147 468 197 119 93 109 76 75 64 91 1 6 4 3 1 2 9 154 114 91 69 57 47 56 44 102 80 44 63 118 41 92 66 9 86 100 83 21 34 41 4 14 3 0 0 1 3 5 0 919 536 545 468 375 280 287 281 417 451 344 612 689 239 380 394 58 472 663 361 169 133 223 35 106 46 0 0 0 1 
2 0 1 3 1 1 2 3 2 37 0 2 7 14 67 56 572 384 92 82 79 79 79 106 90 0 3 0 3 0 2 1 4 3 4 4 3 0 3 3 1 2 3 4 4 3 13 0 0 5 7 5 0 3 3 0 0 0 1 0 0 0 0 0 40 28 26 16 37 15 15 15 9 20 20 29 33 18 62 15 6 13 38 16 6 7 11 4 3 4 0 0 0 0 
23 4 9 69 46 7 12 13 3 65 50 36 513 372 611 57540 40782 31428 22902 19726 20435 18027 18204 17859 19850 9 4 2 10 2 7 46 97 119 143 107 45 47 70 62 27 98 64 142 148 186 56 77 10 133 147 123 48 94 40 19 22 15 0 0 1 3 142 2 1139 1349 1930 1334 623 648 758 665 420 902 814 1938 2021 2567 788 1171 105 2111 2098 1512 681 1293 599 360 424 225 0 2 0 3 
39 3 14 27 11 14 1 6 10 80 46 48 598 400 751 60345 46770 64255 31157 29628 25830 30093 24725 21635 26057 9 0 0 14 0 8 108 291 233 238 165 100 91 139 100 68 157 112 237 305 157 76 138 27 139 225 141 29 39 61 21 24 34 3 0 2 1 206 24 3053 1820 2300 1577 1399 869 1427 885 918 1383 1154 2527 2670 2468 1185 1336 253 1759 2606 1701 511 550 571 256 368 421 0 2 1 3 
32 0 34 16 11 11 1 4 3 79 61 31 490 360 651 38840 40647 35420 54694 26840 28901 21925 23092 25253 24947 3 1 5 25 0 7 76 186 177 155 158 66 92 74 90 38 134 114 99 185 72 77 111 37 86 185 89 19 26 60 15 33 17 3 0 3 2 185 2 1833 1642 1409 1541 810 914 819 866 520 1371 1340 1161 1818 949 889 1093 285 1112 1877 1171 267 320 582 230 362 237 2 3 0 6 
21 2 15 53 10 19 5 8 2 64 37 31 324 353 460 30418 32110 28300 20320 20134 20289 18633 14941 16854 14921 4 3 16 13 4 9 143 210 141 135 158 61 73 71 54 43 117 82 224 188 181 44 105 13 192 183 129 11 55 50 98 33 16 0 0 1 5 171 5 2056 1559 1453 1449 732 688 816 627 553 1087 824 2151 2006 1968 527 967 173 2076 1932 1392 235 608 631 750 451 232 0 4 0 3 
13 0 13 17 1 10 2 11 1 80 29 14 346 256 526 31363 32455 27990 27475 18889 21097 18862 17945 16726 14019 6 1 0 11 0 8 34 100 123 91 97 70 58 70 70 31 122 63 137 157 126 34 59 14 142 128 105 24 29 32 17 30 11 3 0 3 1 127 1 1255 1196 1194 1108 701 679 682 688 433 1085 736 1296 1743 1326 402 690 98 1612 1477 1200 390 337 350 196 434 198 0 0 0 0 
12 1 8 4 19 5 1 6 1 67 49 24 315 264 502 32190 33000 29803 25231 22475 21701 21940 15515 19316 17774 2 1 0 10 0 6 42 111 96 88 78 42 55 32 46 24 71 53 63 113 55 29 60 12 55 84 88 7 18 25 6 19 10 1 0 2 4 130 2 1053 848 873 761 452 484 441 448 296 846 475 650 1123 483 342 582 95 637 1025 736 142 209 247 118 234 105 0 2 0 3 
3 0 10 6 8 8 5 3 4 46 31 42 347 211 475 29091 29370 25537 19704 16395 20646 21693 17656 17378 18405 4 27 7 27 4 8 37 86 79 78 79 40 43 33 45 48 76 48 60 108 35 30 71 13 62 80 84 42 15 17 7 19 14 6 0 27 2 92 0 925 749 708 715 431 480 433 463 308 743 379 539 1019 412 342 467 97 579 877 625 163 163 225 113 222 97 0 1 0 2 
6 1 8 8 3 1 4 2 2 57 19 20 331 221 512 27664 29209 25438 15492 19120 16034 14195 17669 18423 15325 2 1 1 7 0 4 39 107 67 70 74 51 50 43 37 17 98 37 61 106 54 20 55 7 55 87 58 20 15 26 39 15 12 0 0 0 4 117 1 1121 818 852 786 487 534 420 441 308 822 428 665 1153 486 325 504 97 559 950 594 181 192 285 329 238 130 1 0 0 1 
8 1 10 9 11 11 3 6 6 64 29 14 325 259 532 48510 53295 31242 54815 54670 57078 50026 59344 16734 51140 3 1 1 9 0 4 39 97 76 81 81 39 48 24 38 33 96 39 59 100 56 32 42 10 51 74 52 11 19 19 9 18 9 1 0 3 3 112 5 969 772 908 809 530 520 398 426 426 817 468 715 1201 589 363 528 86 709 1023 953 240 270 274 109 243 149 0 4 0 1 
7 0 13 5 26 3 9 9 9 81 43 26 335 231 486 29622 33976 28065 17123 19671 18755 20220 24852 34684 36900 1 2 1 8 0 8 41 111 110 88 105 74 53 37 57 37 107 73 84 117 49 20 68 5 72 120 67 17 15 27 11 25 13 0 0 2 1 144 2 1108 1031 1003 919 662 585 487 523 380 948 640 793 1311 549 400 730 89 716 1268 753 162 236 340 140 188 148 0 0 0 1 
0 3 0 0 0 0 4 0 6 1 0 0 1 0 0 4 13 14 4 2 4 1 3 2 1 10 3 0 0 0 0 1 2 2 1 2 1 0 1 4 0 1 1 1 3 1 2 4 0 0 2 3 0 1 0 1 0 0 1 0 1 0 1 0 9 0 6 3 2 1 4 6 1 7 4 4 5 3 5 6 0 1 3 2 2 2 0 1 0 0 0 0 0 0 
0 0 1 0 0 0 14 0 0 0 0 7 1 15 3 3 7 2 2 2 2 10 1 2 1 1 30 0 0 0 0 1 4 0 0 0 3 2 1 1 2 0 0 1 1 0 2 2 0 0 1 0 1 0 0 0 1 0 8 0 7 0 0 0 50 26 3 12 27 6 2 3 31 12 64 21 14 4 53 59 0 12 20 5 46 10 1 0 41 0 0 0 0 0 
0 0 7 0 0 0 0 0 0 0 0 0 1 0 4 2 3 4 1297 1 0 0 0 1 0 0 0 13 0 4 0 1 1 3 0 0 0 0 1 3 0 0 0 1 0 0 0 0 0 1 1 0 0 0 0 0 0 0 0 0 0 0 0 0 6 2 2 6 3 2 2 1 1 2 1 1 2 0 1 2 0 2 3 1 0 0 0 1 0 1 1 0 0 0 
2 0 2 0 1 0 0 2 2 0 2 4 10 0 3 9 38 21 11 11 5 6 3 11 18 0 0 0 29 1 1 1 0 3 3 3 1 2 3 1 0 4 4 1 1 1 2 3 1 1 1 4 0 0 0 0 0 1 8 0 2 0 0 0 34 21 26 19 10 10 17 9 10 30 22 25 75 12 6 21 7 10 18 15 9 9 6 2 3 1 2 0 0 0 
1 0 1 0 0 0 0 0 0 0 0 0 2 1 0 1 4 0 8 0 0 0 1 1 1 2 2 20 0 8 6 1 3 1 0 3 1 2 1 0 8 1 2 0 1 0 2 2 0 1 2 2 1 0 0 1 0 1 0 0 0 0 0 0 1 2 8 1 0 0 1 2 1 5 2 1 0 4 0 2 0 2 7 2 0 1 0 0 0 0 0 0 0 0 
12 1 1 0 0 0 0 2 1 2 0 0 0 2 2 3 15 13 3 4 4 1 2 0 3 0 0 0 0 2 49 7 1 2 1 0 2 0 3 0 0 1 0 3 1 1 1 1 0 0 1 1 1 0 1 0 0 0 0 0 0 0 2 0 8 8 6 6 7 1 3 6 5 8 4 11 10 10 3 3 2 7 9 10 4 2 1 0 4 2 0 0 0 0 
97 0 318 134 18 22 2 9 18 8 16 1 1 3 6 42 163 48 64 22 56 14 22 20 21 4 2 0 3 1 1 195 20 41 23 27 10 11 16 14 14 6 23 44 55 82 8 20 13 101 49 50 6 12 23 4 21 9 1 0 3 11 10 0 55 277 273 243 44 66 116 88 154 64 158 386 474 808 43 148 19 964 396 536 134 137 62 51 235 100 1 1 3 7 
10 2 13 44 0 10 25 2 2 12 8 20 45 25 3 235 551 254 126 115 118 62 92 107 106 0 3 0 2 0 0 12 767 6187 4419 5339 1119 1080 2131 1773 3857 1065 2811 7864 9536 15144 610 2393 486 17186 6973 8344 2081 2913 1100 613 6610 2392 0 0 4 1 58 3 42 153 129 125 31 34 88 45 103 32 75 226 263 409 18 79 20 370 175 169 69 68 26 21 111 45 0 0 0 2 
4 1 3 7 1 14 1 1 1 4 10 1 8 13 4 205 447 235 120 125 86 75 91 74 78 0 1 1 1 3 2 22 954 466 581 296 505 79 161 116 467 99 143 377 154 98 568 79 20 515 246 128 254 39 56 22 152 68 1 0 1 0 26 0 245 35 56 22 142 21 21 13 103 11 12 126 18 13 133 10 3 152 31 19 101 5 9 4 10 3 0 0 1 0 
4 1 1 1 0 14 1 0 4 8 1 1 19 12 16 215 459 241 119 130 58 64 61 53 79 0 0 0 5 0 2 18 824 185 421 214 614 158 153 860 204 131 223 286 239 123 915 176 37 561 252 469 306 76 83 19 59 18 0 0 5 2 27 0 171 32 24 23 54 17 20 203 30 13 21 66 19 16 157 19 4 86 47 20 43 6 10 6 14 4 0 0 0 0 
6 0 4 3 0 6 1 0 1 6 2 1 16 9 2 129 370 149 96 117 69 59 80 53 56 11 0 0 2 0 0 8 970 163 221 492 698 103 291 130 693 130 111 169 256 174 461 100 10 645 255 96 301 84 291 27 117 48 0 0 1 0 24 0 178 23 17 18 132 15 11 14 114 16 9 20 22 17 100 9 5 82 23 11 63 9 18 5 17 3 0 0 0 0 
10 0 4 16 1 36 15 0 1 6 6 2 46 17 3 88 256 146 77 86 79 55 50 47 46 0 5 1 2 1 1 30 5473 2034 1891 2502 3374 694 1349 330 1629 377 885 6574 2353 7611 1478 1061 189 7297 4789 2877 255 1797 1061 4004 1490 604 0 0 0 0 33 1 149 51 48 69 25 18 40 19 26 18 26 157 60 123 22 20 11 90 101 55 18 62 24 31 24 11 0 0 0 0 
2 0 1 0 0 3 0 0 4 1 1 6 4 4 1 79 175 84 54 72 33 26 34 35 32 0 0 0 2 0 0 3 269 75 241 92 122 275 113 54 187 40 50 182 76 36 130 48 13 305 96 92 103 25 29 27 30 19 0 0 3 1 6 0 81 9 7 5 46 9 10 12 46 7 8 41 7 10 39 12 4 77 9 11 38 5 7 4 9 3 0 0 0 0 
4 3 1 5 0 4 0 1 1 1 2 2 11 6 1 123 308 158 74 90 52 49 35 55 49 0 0 0 1 0 0 6 359 125 102 93 184 64 210 140 178 61 61 149 121 123 306 79 13 245 117 104 270 57 36 9 62 11 0 0 1 0 19 0 83 19 9 11 53 9 12 20 64 7 7 34 27 11 109 3 1 82 25 10 35 5 5 3 6 3 0 0 0 0 
8 0 8 2 1 10 0 2 2 6 5 0 11 4 2 183 294 121 161 105 47 59 57 83 45 0 1 0 0 1 0 46 8633 109 106 63 5528 44 75 138 4357 93 65 264 231 97 2799 69 24 1127 400 79 1637 29 45 23 648 14 0 0 2 2 6 0 288 8 12 13 197 7 11 12 136 13 14 15 20 11 175 9 3 40 19 13 73 12 14 1 27 5 0 0 2 1 
6 1 3 9 2 3 1 2 0 6 1 2 24 2 2 47 115 83 34 35 64 29 23 25 41 2 4 1 1 0 0 9 2853 922 4912 1422 1642 749 3943 205 217 324 2941 9305 3799 7884 1349 1649 151 2837 4086 3134 192 1208 166 386 395 1472 2 0 0 0 23 1 52 26 91 27 20 12 71 9 9 8 47 130 51 136 15 23 3 54 69 60 5 23 8 8 12 26 0 0 1 1 
4 0 7 6 0 21 1 0 4 5 3 3 20 17 2 229 507 251 99 123 71 63 75 73 97 0 3 1 3 2 0 8 604 262 237 176 314 107 125 175 157 270 152 186 314 119 328 162 24 218 263 128 183 68 102 9 47 33 0 0 1 0 40 0 198 28 33 32 119 11 9 21 32 24 26 37 23 19 140 15 4 20 43 13 87 20 15 5 10 5 0 0 0 0 
9 0 3 3 1 4 1 4 11 7 1 2 13 12 0 114 263 147 62 108 51 39 50 147 50 2 3 0 2 0 0 14 730 112 104 93 404 41 45 98 747 94 164 174 218 120 299 70 10 155 158 99 231 31 69 14 396 17 1 0 0 1 11 0 136 20 18 12 74 10 8 16 116 6 18 19 28 26 37 11 8 36 24 16 24 6 10 7 23 3 0 0 0 2 
14 0 4 2 2 5 0 1 144 3 5 7 19 18 0 263 309 179 134 83 64 59 59 44 50 1 8 2 0 0 0 41 4641 586 487 501 3087 355 288 180 3079 212 278 1475 861 153 5506 391 21 228 416 369 3057 440 179 31 861 72 0 0 1 1 27 0 227 46 21 23 179 10 11 21 222 22 16 24 58 15 590 24 4 24 22 25 285 25 12 5 55 6 0 0 0 0 
13 0 8 10 1 8 0 0 3 9 5 4 12 17 2 252 513 275 141 129 75 78 75 73 79 0 0 4 2 0 1 21 2421 661 424 230 851 170 340 198 1693 201 163 242 736 206 1868 436 27 270 526 277 243 78 263 112 443 83 1 0 1 1 26 0 371 30 45 19 101 12 10 16 181 18 7 25 32 17 179 20 3 27 35 16 60 7 10 9 59 12 0 0 0 2 
7 0 2 1 0 1 2 0 2 8 1 2 6 2 0 89 169 97 56 44 37 28 33 34 40 0 1 0 1 0 0 6 1559 192 346 1678 896 185 1971 123 1331 238 173 339 199 869 812 93 23 164 298 1203 273 148 65 25 252 78 0 0 0 1 12 0 91 14 20 43 88 15 59 11 108 10 9 15 22 14 72 5 1 17 14 31 22 11 6 2 18 5 0 0 0 1 
7 0 6 9 1 4 0 5 6 6 1 5 32 22 2 91 218 113 51 45 37 35 35 39 36 1 1 1 2 0 2 4 973 2330 3036 2103 1676 554 1257 1342 652 568 1496 5809 3893 8826 6622 1749 125 6656 4715 3028 2574 4380 1179 804 1432 341 1 0 0 1 26 0 59 45 84 45 31 24 21 40 21 24 48 102 72 181 58 49 2 125 96 76 41 101 22 26 20 18 0 0 0 1 
3 0 3 2 1 7 2 1 4 3 5 1 16 5 3 130 290 148 91 68 55 37 57 41 52 5 0 1 1 0 0 18 851 76 140 94 569 61 110 134 558 52 63 233 116 67 670 354 21 623 154 187 213 34 41 13 94 17 1 0 1 1 10 0 182 14 18 16 107 16 8 43 94 11 15 34 17 5 98 8 2 92 17 14 41 9 15 4 6 6 0 0 1 1 
3 0 2 0 0 2 0 0 1 2 0 1 5 0 0 20 44 54 15 15 14 12 16 8 15 0 0 0 0 0 0 19 107 21 15 9 19 6 12 18 15 9 16 19 84 14 5 24 32 25 22 25 349 9 44 4 18 13 1 0 0 1 1 0 32 5 8 7 4 8 3 7 6 7 7 5 11 4 3 6 8 3 6 14 56 3 16 4 7 2 0 0 0 0 
22 0 5 5 3 5 1 0 0 12 7 3 22 194 0 231 489 213 201 131 70 65 95 75 62 0 1 0 1 2 0 46 5865 276 434 278 5900 138 239 165 7006 172 190 409 701 358 2872 168 37 397 777 501 1428 163 141 50 843 107 0 0 0 0 21 0 235 13 20 13 171 14 18 14 195 10 10 22 42 21 199 14 2 26 26 21 73 7 13 7 35 9 0 0 0 1 
5 0 3 4 1 5 0 2 3 11 3 4 10 263 4 187 423 196 99 105 87 66 71 64 66 0 0 0 1 1 0 13 1230 304 748 455 518 106 163 1481 591 121 232 339 648 214 302 538 63 245 679 1133 356 86 208 72 152 39 1 0 2 1 26 0 211 15 59 31 120 8 19 114 76 10 38 41 60 36 56 69 12 25 32 134 95 8 44 12 17 4 0 0 2 0 
5 0 2 7 0 9 4 0 1 5 1 1 18 39 2 129 259 131 94 87 66 42 57 38 41 0 0 0 1 0 0 21 1782 162 166 90 1343 127 111 574 584 74 79 239 199 80 693 145 15 735 274 234 356 70 115 51 146 107 1 0 0 3 21 0 143 17 18 13 107 12 15 79 87 10 8 16 16 15 75 27 4 102 20 18 52 11 22 1 23 6 0 0 0 0 
8 0 1 8 0 3 2 0 0 4 0 2 19 3 4 22 80 74 54 34 27 22 14 34 17 0 2 0 1 1 3 8 1700 1685 2805 1415 1398 563 1384 214 1658 322 971 2684 1775 4348 90 1355 68 2819 2761 2528 107 1028 112 104 276 549 0 0 0 1 13 0 35 34 55 20 17 15 38 10 19 8 29 43 42 77 9 30 4 50 66 42 4 34 8 5 8 9 0 0 0 1 
2 0 1 0 0 0 0 1 3 2 0 7 2 4 1 76 126 61 55 43 35 30 21 21 29 0 0 1 1 0 0 8 687 64 89 73 762 44 35 46 347 34 20 62 74 44 226 81 14 124 87 42 28 44 13 22 80 12 2 0 1 1 13 0 59 13 6 10 28 4 14 7 48 10 5 4 6 7 16 4 1 8 16 5 2 6 7 3 4 4 0 0 0 0 
6 0 8 3 1 7 0 1 1 1 3 3 2 4 1 81 186 91 96 51 40 37 36 44 31 0 0 0 1 0 0 6 801 56 67 62 1677 38 39 73 701 61 34 57 51 50 233 36 24 55 117 51 62 12 95 14 57 14 0 0 0 2 6 0 82 14 9 7 85 4 18 35 85 8 2 9 15 6 33 9 6 17 16 9 5 3 10 4 6 5 0 0 0 1 
2 0 1 3 1 0 0 0 0 2 0 0 13 12 0 23 72 50 42 34 20 14 30 19 16 1 0 0 1 1 0 1 66 30 276 28 104 30 27 27 64 19 21 58 39 47 57 74 19 41 45 102 16 20 13 171 75 27 0 0 0 0 10 0 23 13 20 10 12 8 13 8 9 11 5 7 13 10 6 17 5 11 16 21 4 4 5 44 7 4 0 0 0 0 
3 0 14 4 0 3 6 0 4 0 1 4 23 2 3 78 186 94 69 50 43 29 37 24 20 0 1 0 0 0 0 9 1205 522 307 401 412 112 167 163 135 159 296 1411 499 879 278 289 52 863 637 265 199 60 67 30 94 116 0 0 0 1 34 0 58 25 24 13 19 9 7 11 8 13 13 38 19 36 27 19 4 24 33 8 18 7 11 3 9 4 0 0 0 0 
3 0 2 2 2 2 0 0 0 4 1 0 10 267 0 29 69 50 27 29 18 12 23 19 11 0 0 1 1 2 2 6 319 67 68 52 156 34 35 44 126 42 65 66 62 80 53 55 12 92 69 135 217 27 42 23 47 280 1 0 0 0 12 0 39 8 4 6 24 10 6 7 12 6 11 4 13 6 12 4 3 11 8 5 7 1 3 5 10 12 0 0 0 0 
0 0 1 1 0 0 4 0 0 0 0 9 3 1 0 6 4 5 4 1 1 0 0 2 6 0 14 1 1 1 0 0 1 2 2 2 1 0 0 1 1 0 2 1 1 0 0 11 0 2 1 0 1 1 0 0 0 1 11 0 33 0 0 0 18 8 9 6 9 3 9 16 18 6 15 24 7 14 18 30 0 6 11 6 12 9 3 3 3 0 0 0 3 0 
0 0 0 0 0 0 0 0 0 0 0 0 0 0 0 0 0 0 0 0 0 0 0 0 0 0 0 0 0 0 0 0 0 0 0 0 0 0 0 0 0 0 0 0 0 0 0 0 0 0 0 0 0 0 0 0 0 0 0 0 0 0 0 0 0 0 0 0 0 0 0 0 0 0 0 0 0 0 0 0 0 0 0 0 0 0 0 0 0 0 0 0 0 0 
0 0 0 0 0 0 6 0 0 0 2 11 6 0 3 2 6 3 1 2 1 6 0 2 2 0 10 0 2 0 0 0 1 0 0 3 0 0 0 4 1 0 1 1 0 1 1 0 0 0 0 2 0 1 0 0 0 0 11 0 8 2 0 0 2 34 2 16 1 6 2 31 8 8 44 3 2 12 2 7 1 1 7 2 4 48 1 1 11 5 1 0 0 0 
13 0 6 8 8 15 0 6 12 9 1 12 2 1 0 13 8 5 0 1 2 1 3 6 2 0 3 2 7 0 1 9 1 0 0 0 2 5 1 1 1 37 0 1 2 2 1 0 1 4 2 3 2 0 2 0 2 0 2 0 3 17 3 0 2 5 6 22 6 6 17 12 15 4 1 11 7 6 19 6 1 11 10 5 2 2 5 2 0 2 0 0 0 0 
1 0 1 1 2 0 0 3 5 3 1 0 8 1 3 56 174 99 31 33 33 22 33 20 34 2 0 5 0 1 0 12 34 33 31 26 14 9 18 23 10 17 14 60 37 15 10 18 3 31 25 29 10 3 10 2 4 6 0 0 0 19 98 0 255 241 156 143 104 71 94 104 63 106 109 352 223 122 76 121 8 188 192 128 59 41 59 15 38 28 0 0 0 1 
0 0 0 0 0 0 0 0 0 0 0 0 0 0 1 11 19 13 3 1 2 1 2 1 2 0 0 0 0 0 0 0 0 0 0 0 1 0 0 0 0 0 0 1 1 0 0 1 0 1 1 0 0 1 0 0 0 0 0 0 0 0 0 25 12 3 3 4 4 1 0 7 0 4 2 2 15 0 4 2 2 4 4 3 1 2 2 1 0 1 0 0 0 0 
68 7 64 147 5 51 182 14 4 64 53 110 495 303 23 2672 6383 3678 1775 1351 1442 1043 1307 1130 1408 3 66 10 16 3 7 65 55 335 183 189 33 90 125 81 87 63 149 299 364 519 31 151 39 570 311 366 54 124 66 43 149 103 18 0 7 7 545 7 12679 77134 66502 73226 18423 17284 35238 26411 63873 16671 43911 112881 132502 217188 10488 36219 4574 229545 95356 120001 31560 38508 18585 13086 85043 33262 2 0 1 0 
13 0 28 15 3 83 16 0 4 29 24 62 97 81 16 2655 4745 2608 1514 1529 1015 902 970 965 1032 0 56 3 63 2 3 71 24 14 67 8 17 13 9 9 13 19 13 32 7 10 12 16 3 24 19 15 37 4 6 3 6 8 5 0 22 1 161 1 13091 7282 5924 3333 8781 1266 1971 1990 6950 1614 1942 4618 2428 1773 8079 1171 284 7026 3795 1659 4371 642 866 352 2443 870 0 0 0 1 
21 0 23 7 5 74 7 3 6 26 17 15 143 120 47 2886 5069 2713 1511 1398 1045 907 1023 930 1051 1 0 2 26 0 3 77 52 23 85 53 25 46 61 34 12 10 77 44 33 34 24 14 6 35 23 25 11 3 10 5 7 6 3 0 6 2 227 2 12966 3285 6322 3098 10500 2341 2473 16935 4075 1892 4267 4440 4005 1779 13264 2279 408 8035 3968 6423 4614 1026 1287 373 1323 357 0 0 0 4 
12 1 23 8 2 46 2 2 1 15 14 22 97 67 10 2082 3639 1953 1085 1172 831 708 787 691 700 8 9 3 12 0 3 60 35 12 12 23 15 6 11 15 10 19 18 26 19 9 14 11 3 22 16 10 11 4 12 5 5 2 5 0 28 5 121 0 15710 2304 2943 6831 10657 1648 3422 2375 10614 2083 1873 2693 4229 2795 7405 1598 233 7837 4121 1521 4414 1291 3395 396 2078 979 0 1 0 4 
52 2 39 86 6 377 82 16 5 54 115 59 405 148 27 1518 3381 2053 1053 1155 836 565 765 703 576 3 49 12 82 1 11 257 286 128 86 86 40 48 64 32 40 38 55 274 154 225 47 62 32 241 170 130 18 92 47 101 40 33 10 0 4 2 398 5 78067 28558 27980 36363 52898 11448 23361 7571 27903 6260 14241 95286 35676 114567 20760 17375 2225 104326 62988 44892 5522 25699 16382 37818 19850 8869 0 1 1 6 
5 0 8 3 0 13 0 1 2 12 7 70 37 23 9 928 1853 1023 578 679 429 388 425 407 422 1 5 2 10 0 2 16 9 9 10 6 13 9 8 71 6 6 5 5 11 1 3 4 6 15 8 4 6 4 5 3 2 3 3 0 23 0 38 0 4082 880 2794 1218 2332 3833 1353 781 2972 545 657 2390 1093 529 2346 587 152 4060 1302 1411 1643 420 380 259 417 211 0 0 0 0 
5 3 12 6 3 26 6 0 1 15 16 46 67 59 13 1603 3081 1657 925 874 660 609 652 590 658 2 22 2 12 0 1 34 16 8 13 14 11 3 6 15 3 8 10 11 12 13 9 11 4 12 14 5 9 3 2 5 6 1 25 0 14 0 68 1 6451 1739 1482 1150 3346 934 3253 1888 3289 783 776 2411 1785 1777 4866 982 151 3825 1702 1423 4257 529 546 209 871 277 0 0 1 1 
92 0 18 7 2 12 10 5 4 22 17 45 95 82 9 2291 3626 1719 2031 1326 763 651 721 1396 627 0 16 1 4 0 1 402 212 10 14 5 122 8 3 8 76 10 10 16 16 12 73 6 10 49 18 16 39 3 11 6 16 2 14 0 23 2 93 3 118302 1579 1677 1191 88449 798 1117 1937 62742 1160 1256 4889 4334 1862 43342 1003 240 14566 5086 1675 23593 745 1096 364 9978 398 1 0 0 3 
38 2 26 74 2 21 31 14 5 44 13 45 272 94 3 745 1756 1179 737 515 1114 391 388 458 515 5 34 19 15 1 5 108 120 60 155 69 51 35 116 18 16 33 124 329 154 261 41 58 10 117 143 155 9 49 18 31 21 59 7 0 22 9 248 1 41554 14875 65184 24538 28354 10996 49396 4229 4129 6071 45807 110425 57264 129251 19320 22750 1972 44787 61272 47429 3668 16873 3461 7563 5634 22260 1 1 0 7 
21 0 19 14 3 97 14 5 2 29 25 25 171 116 20 3068 4823 2611 1146 1185 898 795 880 844 918 0 20 5 20 0 1 59 28 16 18 9 12 7 6 11 8 13 19 24 12 12 8 6 4 13 17 17 11 11 12 1 5 3 1 0 1 2 343 2 10442 3743 3719 2690 4469 1437 1897 2856 2737 3155 2889 2861 4939 1837 5200 2242 231 2931 4260 2040 2959 979 1508 232 648 394 0 0 0 1 
18 0 9 8 2 27 17 5 4 34 16 89 94 84 8 1624 3418 1842 943 1130 721 579 792 2330 727 4 49 5 28 5 1 64 23 14 10 12 9 15 5 10 30 13 15 15 10 12 13 19 9 12 8 14 8 4 4 2 21 4 3 0 43 3 136 1 12401 2094 1868 1671 6451 791 979 1977 12799 1644 2871 3270 3815 2065 5435 1517 190 2768 2682 1729 4216 462 1212 176 6171 310 0 2 1 0 
43 0 18 13 5 32 20 6 16 30 25 90 228 108 10 3153 3507 1753 1582 1007 695 644 717 655 648 1 51 3 12 1 1 251 144 42 32 24 85 23 15 14 74 23 18 37 53 20 114 19 11 22 30 15 55 10 11 4 21 2 4 0 12 1 240 0 63909 7693 6733 7531 44666 5244 4135 3086 47108 3291 4564 23962 11475 2323 68693 5297 407 3713 7342 5579 42955 6539 3017 414 14094 1051 1 2 0 0 
32 0 37 22 3 62 6 11 8 39 21 46 143 125 22 3345 5455 3004 1615 1516 1090 971 1013 986 1056 3 5 6 24 2 4 157 81 41 37 26 41 14 28 17 49 16 20 24 27 14 75 20 6 33 48 18 11 8 13 12 21 16 4 0 3 2 216 1 36140 10195 6677 3551 13889 2699 4388 3310 24662 3021 3068 3848 13652 3057 24621 6571 298 4861 8257 4171 4582 1347 2981 1259 7717 1731 0 0 0 3 
38 0 10 10 2 14 2 6 4 10 15 14 92 46 2 1181 2058 1221 745 606 459 389 418 415 395 2 1 1 7 0 4 83 65 19 30 96 27 23 98 19 40 28 19 36 22 23 26 12 3 31 31 52 10 10 15 6 14 6 7 0 3 3 101 1 23087 2613 6087 24154 13513 2659 24649 2107 19837 3968 3669 4507 3381 15809 13405 1398 282 2584 5351 14889 5294 1806 1209 388 3885 1348 0 0 0 3 
43 1 57 69 2 50 20 11 5 49 37 60 474 317 19 1744 3510 1779 866 816 668 576 575 607 700 6 44 7 15 2 13 73 87 191 184 83 43 55 74 72 36 68 91 218 160 271 140 77 10 243 162 126 67 148 43 60 58 29 8 0 3 18 457 2 17860 37333 41323 32791 28136 9803 21512 19530 12275 8635 23807 84968 57981 120612 91496 28034 1564 94384 61772 44005 40069 51715 19542 12880 22536 7588 3 1 0 5 
25 0 12 6 1 25 6 2 3 24 22 17 90 57 10 1903 3345 1933 1276 941 726 581 620 622 669 2 31 3 17 0 2 76 35 6 9 11 18 4 7 19 13 7 10 10 5 6 21 17 3 26 13 18 5 2 7 9 8 8 15 0 9 2 112 2 14548 1103 1890 1441 9260 956 1304 2568 10069 893 1032 4246 1868 959 10724 5166 249 8540 2818 2159 3613 472 707 226 1454 356 0 0 1 1 
7 1 3 1 1 1 1 2 1 3 1 10 7 14 2 186 516 431 180 160 140 111 117 112 126 0 2 0 4 0 0 11 13 2 1 2 1 1 5 2 0 3 3 6 8 3 3 3 3 4 4 2 13 2 6 3 4 5 2 0 0 0 14 0 966 262 235 194 245 122 133 174 387 125 162 242 1009 182 149 229 326 298 348 291 5517 98 567 91 108 137 0 0 0 0 
132 1 28 33 6 57 8 5 3 34 18 27 141 1713 7 2905 4935 2266 2298 1392 989 760 871 1285 804 0 10 4 30 2 6 359 182 43 37 30 131 19 19 32 160 23 14 29 45 34 76 31 5 23 31 34 53 15 15 10 25 7 2 0 6 2 234 2 84996 4734 6643 4888 77764 2182 4097 2575 90296 2688 3142 5755 9540 5709 44528 2670 537 5576 10482 8103 22624 2751 2377 568 13104 1514 0 1 1 3 
14 0 19 20 4 38 10 2 3 33 18 63 130 1277 8 2564 4772 2821 1572 1402 1084 933 999 893 1027 5 9 5 12 1 1 65 58 26 31 48 23 7 15 43 17 18 25 32 32 19 9 20 6 23 23 50 9 6 12 9 10 4 3 0 9 2 191 3 17974 3700 8914 5254 7353 1634 2060 22468 8942 1814 4702 4649 8221 3182 5244 6764 739 3158 9312 15128 6009 1091 2814 842 2705 679 0 1 0 0 
17 2 12 16 2 33 38 2 2 24 10 16 115 412 12 1638 2955 1663 1186 973 770 613 630 614 608 2 8 2 9 0 2 90 73 13 20 16 35 11 9 18 11 13 12 21 19 7 18 16 1 33 18 13 13 5 6 4 10 6 6 0 11 3 116 2 25226 2024 2639 1342 21101 1761 1353 8321 10684 1214 1292 2951 3067 1547 11018 1649 206 11038 4380 4365 6225 960 1675 516 2370 1324 0 0 0 2 
33 2 14 92 1 26 14 8 5 30 17 39 187 69 10 558 1616 1234 674 500 522 355 435 680 338 3 32 4 10 0 10 71 58 87 109 60 41 56 80 15 29 31 40 135 80 160 7 84 2 101 115 108 9 40 7 10 16 32 12 0 12 4 196 2 20340 24776 37722 24874 17414 10252 22650 4138 23542 5020 17447 39590 30608 67953 1842 19910 915 45485 43591 36504 2377 16586 1702 1905 5655 9452 0 0 0 2 
6 0 4 3 2 10 21 4 1 8 4 99 31 30 2 762 1598 873 548 421 367 264 392 308 323 2 7 0 6 0 2 47 19 6 9 7 19 6 6 7 15 15 3 9 3 7 7 3 3 10 9 5 12 3 3 2 7 2 41 0 30 2 38 1 10624 883 1122 1089 10722 681 689 881 6183 558 417 966 966 746 3745 863 90 1916 1298 661 454 525 253 261 1659 195 0 1 0 0 
19 0 8 11 1 14 6 3 4 15 4 13 41 31 10 1160 2377 1347 1227 713 491 430 445 488 474 2 0 2 9 0 3 47 38 10 5 8 67 3 6 7 24 11 5 8 5 4 6 9 4 5 7 12 8 2 8 4 4 4 3 0 2 0 45 0 13001 987 908 915 20147 712 615 1362 12293 967 558 1068 900 960 4008 633 229 913 1629 1342 1051 198 1376 187 809 187 0 0 0 0 
13 0 10 3 1 3 1 3 1 13 6 3 135 54 7 352 830 544 486 375 299 243 465 220 251 0 0 1 3 0 0 12 14 12 28 8 9 5 7 17 3 16 9 10 11 9 7 13 7 10 13 17 10 6 5 34 2 8 2 0 14 2 81 0 1208 633 4268 535 1829 467 368 397 1452 353 415 967 691 635 976 1361 148 557 873 1431 304 198 277 1873 1253 446 0 0 0 6 
12 3 133 20 4 38 57 7 3 41 10 41 237 106 14 834 2465 1216 833 619 486 434 432 449 454 1 33 5 81 0 6 71 78 105 48 61 32 32 53 31 26 49 39 164 51 38 16 112 9 56 96 37 20 7 16 9 20 9 23 0 19 2 358 1 19237 7158 5256 7938 7285 1781 3213 2221 2497 2138 4792 21654 7563 14194 5359 4699 426 11573 9261 4270 3773 1116 1110 556 1095 1750 37 0 0 2 
3 0 6 6 0 5 4 2 0 8 4 9 61 1052 6 393 965 595 264 324 226 206 190 300 214 0 1 2 1 0 5 20 21 17 9 6 11 5 6 8 1 9 8 12 21 11 2 13 3 4 12 10 8 2 7 5 3 14 0 0 2 0 122 0 5347 795 645 560 2910 361 455 863 2922 383 598 895 1193 1549 1333 530 181 1475 847 1439 2515 185 503 370 729 4434 0 1 0 3 
0 1 0 0 0 1 0 0 1 0 0 4 0 0 0 0 0 0 1 0 0 0 1 0 0 0 0 0 1 0 0 0 0 0 0 0 0 0 0 0 0 1 0 0 3 1 0 1 0 0 1 0 0 0 0 0 0 0 1 0 0 0 0 0 1 0 1 1 1 0 0 0 1 1 2 4 0 0 0 4 0 2 0 1 1 0 0 0 0 0 0 0 0 0 
2 0 0 0 0 0 0 0 0 1 0 0 1 0 0 0 2 1 0 1 0 0 1 0 0 0 1 1 0 0 0 1 0 0 1 0 0 0 0 0 0 1 0 0 0 0 0 0 0 0 0 1 0 0 0 0 0 0 0 0 0 0 2 0 0 1 3 2 1 0 2 0 0 0 0 1 1 0 0 1 0 2 0 1 0 0 0 0 1 0 0 3 0 0 
0 0 0 0 0 0 0 0 0 0 0 0 0 0 0 0 1 0 0 0 0 0 0 0 0 3 1 0 0 0 0 1 0 0 0 0 0 0 0 0 0 0 1 0 0 0 0 0 0 0 0 0 0 0 0 0 0 0 0 0 0 0 0 0 0 0 0 1 0 0 1 1 0 1 0 0 0 0 0 0 0 1 1 0 0 0 1 0 1 0 5 0 0 0 
8 0 1 1 0 0 0 1 0 10 1 0 0 0 0 0 7 0 3 2 0 1 2 0 3 0 0 0 0 0 0 2 3 3 1 3 0 1 1 2 2 2 1 6 5 2 1 2 0 5 2 5 0 0 0 1 0 0 0 0 0 0 1 1 8 14 6 9 7 1 1 2 3 10 3 8 16 9 1 3 0 10 6 2 0 1 3 1 0 0 0 0 0 23 
