207 8 17 39 10 14 1 28 32 17 4 2 0 1 0 22 54 34 22 11 14 8 8 10 5 0 0 0 7 0 8 104 3 8 12 5 3 1 5 2 1 5 3 9 8 14 2 4 2 2 4 11 0 2 2 0 0 2 0 0 0 7 6 0 35 32 52 32 19 15 26 9 11 18 19 57 41 111 8 26 4 37 54 84 2 15 11 11 9 20 0 1 0 1 
0 8 0 2 0 1 1 0 0 2 1 0 1 1 1 2 0 2 0 1 0 0 0 0 0 1 0 0 0 1 1 0 0 0 0 1 0 1 0 0 0 0 0 0 0 0 0 0 0 0 1 1 0 0 0 0 0 0 0 0 0 1 0 0 5 1 1 2 0 0 1 0 0 2 1 2 0 4 1 3 1 3 7 3 1 1 2 0 0 0 1 0 0 0 
26 0 51 180 12 6 2 7 8 9 1 1 1 1 0 31 333 60 70 41 24 21 32 18 25 1 2 0 2 0 1 21 6 4 2 2 12 1 0 2 5 3 1 3 3 3 1 2 4 4 3 4 3 0 0 1 2 1 0 0 1 7 1 1 24 14 14 11 10 8 5 13 25 14 12 15 21 10 11 10 8 18 22 16 2 5 4 2 4 6 0 0 0 0 
17 1 32 393 38 10 0 4 2 7 5 0 2 5 1 26 47 29 23 22 9 10 9 5 11 0 0 0 4 0 1 35 7 4 2 6 7 2 2 20 2 5 3 3 7 2 1 3 1 7 4 18 4 2 2 0 2 0 0 0 0 9 6 0 32 21 35 16 42 13 8 114 22 17 25 27 45 9 23 30 2 20 19 120 14 2 16 5 11 3 0 0 0 1 
12 0 12 9 27 17 0 4 6 10 1 0 0 1 2 8 12 10 3 4 5 3 0 4 4 1 0 0 0 0 1 7 9 6 4 0 1 0 1 0 1 0 1 0 1 0 1 1 0 1 0 1 0 1 1 0 2 1 0 0 0 13 2 0 14 19 13 9 4 3 3 3 11 7 5 10 3 7 2 9 0 3 10 2 3 1 3 3 8 1 0 0 0 0 
13 0 8 7 7 47 0 6 4 17 2 1 0 0 7 3 7 13 7 5 10 3 7 5 4 1 0 0 0 0 0 14 13 12 17 11 3 3 2 6 5 24 14 6 22 5 2 4 0 7 9 20 5 1 6 1 8 1 0 0 0 17 1 0 74 75 66 78 43 11 35 24 21 149 67 61 150 40 15 30 4 40 87 73 19 7 12 2 36 7 0 0 1 0 
0 0 2 1 0 0 3 0 0 0 1 4 2 2 5 4 5 2 2 1 1 2 1 14 5 0 4 0 2 0 0 0 6 3 5 2 1 3 0 2 2 1 8 5 12 5 1 1 3 7 15 2 0 4 0 0 1 1 2 0 1 0 0 0 50 6 16 17 10 6 18 9 20 8 35 34 32 35 19 4 14 13 144 23 5 19 9 4 5 11 0 0 0 1 
9 3 4 2 7 5 1 32 41 8 0 0 3 0 2 11 13 10 8 6 3 3 1 0 5 0 0 0 0 0 1 8 3 3 3 0 0 0 1 0 2 1 4 17 1 1 5 0 1 2 1 0 1 0 1 0 1 0 0 0 0 1 1 0 9 6 9 5 3 5 4 6 4 5 11 5 11 7 7 3 1 3 4 7 1 1 0 2 3 1 0 0 0 0 
19 3 12 19 14 19 0 46 21 20 3 0 1 1 1 6 15 6 2 4 5 1 3 5 3 2 0 0 0 1 1 13 4 5 0 1 1 1 2 1 0 3 4 5 4 1 3 0 0 3 2 6 0 0 0 0 1 0 0 0 0 14 4 0 19 7 9 15 16 9 10 8 11 13 8 22 31 9 3 7 0 20 19 13 4 8 4 1 5 2 0 0 0 0 
18 0 10 8 7 25 0 16 5 404 16 2 18 8 52 156 225 140 58 41 35 34 39 40 62 2 0 0 2 1 3 11 9 6 7 4 5 4 10 5 9 6 8 7 19 7 4 6 0 8 6 7 4 4 2 0 5 0 0 0 0 10 4 0 66 49 45 37 25 28 27 20 16 29 46 54 65 37 21 44 3 39 71 52 6 17 14 3 22 5 1 0 0 1 
3 0 1 0 0 2 2 0 0 7 58 0 22 3 0 67 115 63 37 20 25 23 9 26 26 1 0 0 1 0 2 4 7 6 9 4 2 1 5 1 0 11 6 2 9 1 3 3 0 5 4 2 1 3 1 0 2 1 0 0 0 0 3 1 44 34 38 25 15 15 16 23 9 43 30 32 44 21 8 13 4 22 28 25 14 6 10 5 11 3 0 0 0 0 
1 0 0 0 1 1 3 0 5 0 0 89 4 57 3 54 87 74 21 17 10 20 8 13 12 1 10 0 6 0 1 1 3 8 3 5 2 7 3 6 5 3 2 7 11 3 6 4 0 2 1 1 2 2 0 0 2 0 10 0 43 2 1 2 59 61 36 47 27 19 35 39 67 39 60 70 105 38 74 45 10 48 49 27 30 36 8 12 29 4 1 0 0 0 
1 0 1 0 0 1 1 3 1 13 51 6 129 15 7 1275 1214 587 202 209 161 130 151 151 188 0 1 3 17 0 0 1 36 37 27 26 8 11 22 7 8 26 21 27 41 28 2 15 1 21 30 30 6 4 7 4 6 5 5 0 0 2 3 0 267 264 238 174 108 110 134 113 48 190 176 245 308 190 98 136 31 193 251 195 36 51 54 22 93 44 0 0 0 0 
0 0 3 3 1 1 0 1 0 4 4 50 20 367 21 1143 963 303 179 114 124 117 89 115 111 1 2 2 0 1 4 6 54 143 99 62 28 43 46 35 16 74 40 71 103 39 9 103 4 49 109 72 6 15 33 5 9 4 1 0 2 2 7 0 364 496 480 332 143 186 195 195 92 302 231 365 532 233 102 395 36 280 443 307 39 81 146 34 61 37 0 0 0 0 
0 1 2 1 2 1 2 4 1 22 3 3 7 16 72 2235 1598 552 177 153 132 119 154 147 159 1 6 2 3 1 2 4 7 4 5 14 1 4 0 0 2 2 1 2 4 2 1 0 0 0 3 3 0 1 0 1 1 1 3 0 3 0 3 0 41 17 20 62 11 29 16 8 6 29 12 18 41 25 27 15 7 11 27 10 3 4 3 2 3 3 0 0 0 0 
14 1 7 32 771 7 3 3 8 61 31 7 195 135 114 41321 52938 47810 41203 40864 40720 40034 37093 35462 35203 2 1 2 16 0 4 37 70 119 93 74 31 33 54 50 13 35 80 72 96 94 24 75 5 82 107 76 5 97 44 10 21 19 0 0 4 7 105 4 760 1096 1063 905 395 474 644 463 259 444 956 1074 1123 1364 394 1038 66 1135 1170 986 213 1311 651 182 232 226 0 0 1 2 
22 1 14 24 14 20 4 4 4 57 33 17 253 160 166 61185 60663 66612 36732 36869 35214 32110 32092 31861 48913 1 2 1 55 2 7 84 110 100 107 90 51 48 74 29 21 62 59 109 106 101 31 73 21 79 108 84 12 34 27 2 18 16 2 0 3 2 108 13 1169 1169 1232 957 614 490 682 477 410 654 774 1317 1313 1389 410 820 164 852 1670 1100 163 331 347 148 265 276 0 2 0 3 
26 5 19 10 8 13 1 5 4 55 52 28 258 167 155 43168 46938 41671 41281 35986 36509 30777 28685 29574 26310 2 3 2 31 1 7 57 111 115 78 65 45 46 60 45 21 40 62 73 87 60 18 49 23 49 90 69 15 19 56 28 21 16 2 0 2 1 112 4 1027 1223 939 720 596 533 580 534 304 537 714 714 958 648 395 559 173 704 994 638 297 224 492 205 278 150 0 0 0 0 
60 1 29 58 14 13 7 13 5 98 77 40 321 302 139 30488 36931 33805 29527 33793 25120 24804 23312 23542 22159 5 7 8 37 2 16 179 277 215 183 170 119 97 127 94 53 205 141 214 263 116 38 148 40 180 212 158 21 55 75 40 48 45 5 0 2 3 251 7 2583 2025 2013 1629 1145 957 1071 957 623 1719 1484 1935 2476 1505 488 1410 340 1936 2264 1666 345 606 696 469 595 418 1 2 0 5 
7 0 7 17 2 8 0 1 3 39 32 18 247 101 121 26125 31136 29194 26214 25555 27504 26062 22267 22570 20090 2 3 0 13 0 9 26 79 110 66 60 169 29 55 27 18 61 52 205 84 52 12 47 8 75 80 42 36 15 26 14 28 17 0 0 6 4 71 3 756 780 780 634 1781 356 551 394 269 624 552 1530 1029 775 235 394 94 877 811 600 346 200 275 142 278 176 0 2 0 0 
6 1 8 5 8 5 0 3 4 47 35 9 236 89 134 27783 30209 30316 25366 25740 25726 25407 22921 24042 21926 2 1 0 15 0 1 39 72 65 55 50 39 40 37 38 16 38 33 59 81 32 8 41 10 40 57 68 18 13 15 16 18 10 0 0 2 1 65 0 746 607 574 481 386 318 358 461 249 445 471 511 733 380 219 463 99 455 633 684 166 182 238 112 183 137 0 0 0 3 
4 1 7 7 3 10 4 0 3 45 50 16 228 99 138 23576 26945 27735 21881 20346 25156 25952 22201 23990 24165 0 6 0 17 0 5 23 56 71 47 47 36 31 20 31 26 36 29 54 57 34 9 32 11 35 54 43 19 22 17 13 16 9 1 0 4 3 71 0 664 539 466 417 336 310 338 279 213 345 350 404 616 345 209 350 86 417 612 405 135 171 198 126 210 88 2 1 0 2 
12 0 2 8 6 15 1 6 1 46 26 13 206 98 139 23346 26824 25986 23157 23954 24500 22602 24804 23836 21934 1 0 0 13 0 8 43 73 57 62 42 42 30 31 31 25 44 37 32 71 39 18 32 7 49 52 45 15 20 27 11 20 15 1 0 1 2 80 0 768 663 602 494 445 346 353 420 244 458 396 493 702 352 228 401 106 462 660 458 174 163 207 113 236 124 0 0 1 3 
16 0 9 9 4 8 1 2 6 53 25 11 190 78 153 21731 24294 22389 18412 19157 20810 20014 21246 23763 21854 5 10 1 10 1 2 35 51 54 54 47 54 26 40 24 13 23 36 51 63 30 13 41 13 52 68 56 17 17 21 12 19 18 0 0 2 4 64 2 618 625 559 442 733 309 382 334 281 400 375 473 635 389 259 395 87 597 655 758 220 156 248 109 211 144 0 0 1 0 
10 0 10 8 7 8 2 4 3 104 43 11 234 99 156 25763 30700 27144 20088 23958 24825 23021 21929 24110 25682 3 8 2 15 1 3 34 58 64 34 55 28 19 36 33 18 37 40 49 66 30 17 40 18 52 37 36 16 24 12 14 14 12 0 0 0 3 77 2 669 552 501 387 382 293 299 309 304 406 416 468 609 327 256 377 91 433 549 383 140 138 199 134 148 123 1 0 0 1 
1 0 0 0 1 0 0 0 6 4 0 0 3 2 0 12 13 2 8 3 7 2 5 0 0 7 2 0 1 0 2 4 0 0 0 10 1 1 0 2 0 0 0 1 0 3 2 4 0 0 0 1 0 0 0 1 0 1 0 0 0 0 1 0 1 1 5 2 1 1 1 1 2 3 2 5 3 3 0 3 0 0 0 4 2 1 1 0 3 0 0 0 2 0 
1 0 1 0 0 0 16 0 2 0 0 17 9 9 7 13 11 5 4 5 0 8 4 8 12 3 67 0 0 0 0 1 3 1 1 0 0 2 0 1 4 0 4 2 1 7 2 0 0 0 0 3 0 2 0 0 1 0 2 0 7 0 1 0 46 35 10 27 29 11 19 7 80 9 22 33 4 2 49 22 0 6 21 13 16 15 1 2 24 0 0 0 0 1 
2 2 0 0 0 0 0 0 1 1 1 0 1 0 0 2 0 2 104 1 1 1 1 0 1 0 0 5 0 11 2 1 0 0 1 1 0 0 0 0 0 0 0 1 4 0 0 1 0 0 0 0 1 0 0 0 0 0 0 0 1 1 0 0 3 5 2 1 3 1 0 2 3 0 4 0 3 3 3 1 1 2 5 5 0 1 2 0 2 2 0 0 0 0 
1 2 1 4 1 1 0 3 5 1 3 2 12 2 3 12 62 24 16 14 5 7 4 5 4 0 5 0 44 0 0 1 4 1 1 2 3 0 4 1 2 2 0 7 7 1 0 15 0 3 1 2 1 2 0 0 0 0 1 0 5 1 0 0 18 42 24 23 10 15 14 24 52 18 31 40 34 24 20 11 0 15 18 12 6 6 4 3 13 3 0 0 0 1 
1 0 0 0 0 0 0 1 0 0 0 0 1 1 1 1 1 0 0 0 0 0 1 0 0 0 0 10 1 6 1 1 1 0 0 0 1 0 1 0 0 1 1 1 0 1 0 0 0 0 0 1 0 0 0 0 0 0 0 0 1 0 0 0 1 4 2 0 0 0 1 1 2 1 7 0 3 0 1 1 0 1 1 1 0 0 0 0 1 1 0 0 0 0 
9 0 1 1 0 1 0 0 0 4 2 0 0 5 4 18 25 10 9 7 4 1 2 1 10 1 0 0 2 4 30 1 4 1 1 3 2 0 1 0 0 1 0 2 1 1 1 0 0 1 0 1 0 0 1 0 0 3 0 0 0 0 0 0 9 3 10 5 8 1 1 3 5 4 3 2 3 1 4 1 0 2 8 2 2 1 3 1 2 0 0 0 0 0 
45 0 88 52 12 16 0 9 11 14 2 2 7 6 4 74 224 115 54 42 35 30 36 35 32 0 0 1 4 1 3 125 8 12 17 14 3 9 3 13 3 10 12 15 24 36 4 7 1 39 18 21 4 7 24 3 6 9 0 0 1 14 14 1 53 91 176 105 30 23 89 91 53 28 65 118 251 492 20 53 11 305 131 148 70 67 53 7 103 75 0 0 0 1 
8 0 9 6 1 15 6 2 1 10 6 7 63 135 4 263 746 458 180 189 116 98 95 121 103 3 2 2 14 2 3 21 561 1333 2618 1991 362 360 888 954 1326 312 1158 2436 3611 9884 221 931 234 5469 1963 2562 737 1141 639 109 2104 1169 2 0 0 1 87 2 66 98 111 112 27 34 78 30 60 21 47 165 212 461 31 82 15 239 100 91 100 35 34 13 64 56 0 0 0 0 
14 0 10 2 4 12 0 0 0 15 2 10 31 64 3 211 687 384 169 200 96 89 92 83 99 1 2 1 12 0 3 14 1881 1729 183 91 2647 65 94 96 1638 102 71 592 142 100 1336 59 11 1193 355 93 534 49 42 16 3252 106 0 0 0 0 39 2 283 70 21 11 281 13 16 20 146 15 13 91 23 16 204 13 5 188 29 22 128 17 3 8 124 11 0 0 0 2 
21 1 23 6 3 18 2 3 1 16 11 14 39 85 7 264 808 373 156 226 94 103 112 94 110 1 0 2 6 0 2 33 2404 188 769 235 1203 80 115 3569 966 117 5527 353 240 137 2346 112 77 543 296 563 485 121 37 23 316 45 0 0 2 2 56 1 286 23 57 58 83 17 16 296 61 25 174 67 34 16 246 9 10 93 26 41 63 21 7 4 23 7 0 0 0 1 
14 0 16 3 0 11 7 0 0 8 5 1 40 50 1 195 592 280 154 206 102 93 91 90 109 0 0 2 8 2 0 23 2042 419 231 1755 2450 259 501 249 2124 172 129 315 308 333 880 98 14 1679 524 133 349 58 151 32 1579 149 0 0 1 1 58 1 240 33 25 55 220 49 36 15 190 17 14 37 29 29 122 19 7 137 22 17 70 5 10 5 60 12 7 0 1 0 
12 0 24 25 2 17 3 2 4 22 6 11 96 65 5 226 686 354 171 190 99 91 105 87 102 1 3 1 4 1 0 16 1989 864 1009 1329 3585 434 809 209 526 478 643 3217 1187 2866 406 794 90 3338 2100 1449 128 990 578 1287 901 525 0 0 0 1 82 1 84 41 56 56 81 33 35 12 32 19 33 134 88 107 18 20 8 142 72 40 15 46 21 40 36 16 1 0 1 0 
2 0 2 2 1 3 1 0 1 3 0 4 9 33 1 65 206 106 74 69 45 51 39 29 49 1 5 2 1 0 1 11 717 54 175 101 737 1201 65 31 631 42 36 312 60 58 306 34 5 346 69 265 164 36 28 16 81 23 4 0 1 0 12 0 118 8 9 11 115 38 10 3 96 7 13 80 15 7 69 9 4 79 10 9 42 10 5 10 9 2 0 0 0 0 
13 0 6 8 1 13 0 2 1 6 1 2 40 49 7 136 498 240 138 119 63 67 65 69 68 0 0 0 5 1 2 20 1837 543 155 365 2333 124 1774 588 1150 129 79 423 296 243 837 167 10 663 426 190 885 48 81 12 126 85 0 0 0 0 31 0 143 40 13 24 156 20 36 35 137 14 7 55 35 22 101 15 5 99 37 18 80 5 20 4 10 14 1 0 0 0 
12 0 13 5 0 12 3 2 4 7 2 3 23 16 2 133 340 176 85 95 66 63 58 65 55 2 1 1 6 0 2 16 1721 135 85 98 815 63 62 104 762 127 100 470 239 968 846 53 11 229 364 159 312 38 82 14 139 34 6 0 2 0 27 1 184 13 10 78 89 8 15 14 58 8 9 31 22 30 163 9 5 17 18 14 58 8 2 6 13 3 0 0 0 0 
3 1 2 7 1 17 2 7 1 8 4 1 42 101 0 76 278 210 77 56 52 44 47 48 46 5 3 1 5 6 2 11 1506 376 2495 1239 1296 404 924 131 199 280 1066 3093 1423 4234 524 994 200 1271 3858 2533 127 734 76 207 289 852 0 0 0 0 34 0 46 31 68 32 43 23 34 7 13 13 42 93 51 129 23 40 10 63 104 79 18 38 8 15 9 17 2 0 0 1 
8 0 4 1 0 6 4 0 4 1 3 16 15 52 2 109 261 162 70 89 42 49 58 71 52 0 8 1 10 2 0 11 1122 70 109 92 424 46 45 133 373 168 89 82 104 59 912 62 4 120 76 58 517 21 34 9 22 11 4 0 0 0 25 1 216 13 11 25 137 7 12 10 37 8 12 8 17 13 168 19 5 21 15 9 194 7 8 5 10 3 0 0 0 0 
8 0 5 2 2 12 0 1 1 7 4 6 17 31 3 115 326 160 132 119 76 55 66 71 68 0 3 4 3 1 1 9 1741 94 92 89 2991 45 51 164 2162 81 639 234 177 157 950 53 23 143 192 150 378 14 78 14 279 51 2 0 2 0 26 0 183 17 15 16 183 8 11 13 184 14 23 21 21 27 101 12 1 27 18 16 40 5 5 6 28 4 0 0 0 1 
16 3 12 3 0 8 17 2 195 13 3 16 73 74 6 231 580 278 177 167 106 87 102 92 100 2 9 2 5 3 4 36 4463 746 710 1293 3945 497 368 179 5247 382 753 7850 1196 254 3624 519 56 404 924 982 994 751 179 23 1371 145 1 0 10 2 104 5 270 29 43 67 231 29 36 13 344 21 35 140 50 16 355 38 3 20 45 35 152 34 14 7 80 16 0 0 2 5 
24 2 12 8 1 29 2 3 1 9 10 11 39 88 12 317 902 401 205 238 115 111 129 132 113 1 1 1 9 2 0 51 5133 1647 391 267 3293 144 148 121 3623 243 178 239 2340 275 2696 1908 23 314 766 222 515 76 86 22 608 148 0 0 0 3 66 0 583 86 48 29 217 27 30 9 287 34 15 32 71 15 246 65 6 33 57 29 73 5 13 7 63 13 0 0 1 1 
26 0 6 6 0 19 4 0 1 12 2 7 68 57 4 216 707 375 202 172 74 85 109 87 83 3 0 1 6 1 0 43 5184 347 1942 4800 5123 285 3618 247 5324 717 2925 347 380 4778 1695 187 75 494 1285 2990 847 149 134 109 1558 647 0 0 0 2 84 0 280 32 89 166 204 27 128 24 303 47 110 21 32 85 143 14 4 26 63 96 65 14 8 9 48 26 0 0 0 0 
11 0 7 4 0 9 2 2 12 19 4 1 41 103 3 134 377 241 96 85 79 53 59 58 64 1 0 0 4 2 1 8 310 707 1040 1324 281 288 766 581 271 182 1524 1759 1165 3926 1939 1049 23 2554 1312 1487 498 3394 1144 126 523 142 0 0 0 0 45 0 28 34 82 33 22 10 32 22 15 12 65 83 42 127 45 49 4 104 43 60 27 60 35 10 15 20 0 0 1 2 
11 0 9 5 0 6 1 3 7 7 1 5 36 38 5 160 462 217 108 118 80 49 59 44 55 0 6 0 16 0 1 16 1384 112 258 156 1744 50 123 579 1094 102 102 512 166 112 879 1339 23 522 564 372 323 31 43 22 98 56 2 0 1 0 47 1 193 17 30 20 128 9 15 54 111 9 16 74 18 5 125 56 4 90 42 31 46 6 8 7 13 5 0 0 0 0 
17 0 1 1 0 2 0 2 0 0 0 1 1 9 0 23 73 32 20 16 18 21 18 15 15 0 0 0 1 0 0 2 55 17 11 11 22 8 6 6 31 4 9 15 13 17 15 6 32 11 21 24 957 8 66 10 8 10 0 0 0 1 0 0 14 2 5 6 8 3 0 6 7 9 11 5 5 2 2 5 8 4 5 5 100 7 14 7 4 3 0 0 0 0 
26 0 12 13 2 7 3 2 0 10 4 1 27 67 7 241 658 283 207 185 75 83 101 107 101 0 1 1 9 1 2 45 4661 786 1638 1951 4424 321 1206 207 7412 251 1419 2374 1285 1325 2998 486 196 3330 1201 2226 936 584 196 42 1367 217 2 0 0 2 65 0 272 45 77 63 245 25 53 26 309 22 52 78 58 78 319 28 11 73 61 80 89 16 13 6 48 11 0 1 0 3 
13 0 27 7 1 20 0 1 4 13 6 6 26 192 4 222 765 424 174 158 138 96 78 93 105 1 1 0 10 1 2 32 2254 354 857 253 2743 141 159 3822 1839 179 489 544 890 290 1082 631 75 248 4835 4201 840 97 218 50 346 96 1 0 1 0 74 1 233 24 106 23 181 18 30 250 118 22 43 43 84 35 116 79 7 31 122 274 71 14 32 14 18 6 0 0 0 1 
20 0 10 6 9 8 2 2 0 12 5 2 57 92 3 179 624 345 162 209 91 81 77 69 70 0 0 2 8 4 2 25 2733 506 1072 249 2883 151 264 2111 2803 129 178 409 625 200 2256 177 12 1522 797 3216 778 49 238 41 612 266 1 0 1 5 55 0 197 49 62 25 171 23 29 146 189 14 23 24 52 17 142 22 9 135 46 99 67 8 38 11 50 14 0 1 0 2 
5 0 5 2 0 11 3 1 1 11 3 2 17 26 1 41 158 116 65 41 38 32 50 59 43 1 0 0 2 1 1 5 558 546 720 389 1041 202 737 55 573 116 255 1477 610 1580 24 306 27 1586 947 809 66 1615 54 43 155 194 9 0 0 1 15 0 35 26 29 67 24 22 34 9 37 6 20 31 21 76 10 22 5 59 40 34 3 37 8 10 7 8 0 0 0 0 
6 1 5 0 0 8 2 0 0 2 2 5 13 39 4 98 301 179 165 108 26 35 37 37 40 1 0 0 2 0 0 8 1532 93 81 86 5073 27 34 77 3051 60 48 133 158 69 593 39 10 141 155 62 122 86 27 19 262 23 0 0 0 1 15 0 79 7 13 10 206 7 11 7 172 7 3 10 17 7 60 8 4 10 15 8 11 0 5 5 13 4 0 0 0 0 
6 1 4 3 0 9 0 1 1 10 0 2 24 33 6 94 301 145 115 80 64 46 55 48 66 1 0 1 1 0 1 32 939 221 58 95 658 60 108 109 621 44 109 186 123 270 194 85 11 142 193 95 49 16 181 18 122 52 0 0 0 2 21 0 92 16 14 8 55 12 11 35 84 8 7 14 17 19 32 11 3 21 21 16 8 4 10 6 8 11 0 0 0 0 
8 0 4 2 0 4 1 0 0 4 0 0 19 12 2 52 204 132 57 65 34 47 35 32 41 0 0 0 3 0 1 7 341 70 176 64 189 43 38 35 1144 31 32 64 119 36 234 54 13 66 114 249 77 21 44 303 2508 24 1 0 0 0 20 0 44 12 17 11 22 10 6 6 62 7 6 11 19 3 18 16 8 10 17 18 7 3 10 19 71 9 0 0 1 0 
14 0 4 2 2 20 5 2 0 6 2 2 75 32 6 189 678 385 145 119 94 98 85 99 78 0 1 1 6 0 1 9 1967 544 449 709 678 130 247 168 317 253 257 1615 525 833 816 156 37 496 1137 486 219 177 128 44 182 218 0 0 0 7 65 0 78 30 32 35 41 8 15 15 18 17 16 54 27 29 52 14 4 26 32 20 19 13 11 7 14 7 0 0 0 3 
3 0 3 0 1 5 1 1 0 2 0 0 16 27 3 70 240 119 50 73 26 33 49 32 33 0 0 0 3 0 3 14 785 119 75 91 578 31 37 90 422 32 52 116 370 95 238 44 26 80 63 101 166 21 69 36 349 1783 0 0 1 0 21 0 61 11 10 8 37 7 7 16 42 8 4 13 19 12 25 3 2 5 7 9 14 2 20 11 17 46 0 0 0 2 
0 0 1 1 0 2 0 0 0 0 0 8 3 2 3 4 4 3 1 2 4 1 1 6 6 0 7 1 7 0 0 1 0 0 2 2 0 0 0 0 1 0 0 4 1 2 1 0 0 0 2 1 0 0 0 0 0 0 17 0 26 2 0 0 8 1 5 7 7 12 8 17 12 2 7 11 4 1 12 19 0 10 10 6 9 7 4 0 6 1 1 0 0 0 
0 0 0 0 0 0 0 0 0 0 0 0 0 0 0 0 0 0 0 0 0 0 0 0 0 0 0 0 0 0 0 0 0 0 0 0 0 0 0 0 0 0 0 0 0 0 0 0 0 0 0 0 0 0 0 0 0 0 0 0 0 0 0 0 0 0 0 0 0 0 0 0 0 0 0 0 0 0 0 0 0 0 0 0 0 0 0 0 0 0 0 0 0 0 
0 1 2 0 0 1 5 0 0 1 0 27 0 5 1 2 11 11 0 5 3 5 0 5 6 0 10 1 5 0 0 0 2 1 0 0 0 0 1 6 0 0 0 1 0 7 0 1 0 0 0 2 2 1 0 0 0 0 18 0 16 1 1 0 13 20 4 29 5 8 16 42 27 4 19 19 9 11 18 12 1 12 7 9 14 17 2 5 10 2 0 0 0 0 
10 1 3 4 6 11 0 5 4 19 1 3 0 1 0 4 14 5 4 2 3 2 2 1 2 0 0 0 3 0 0 4 1 0 0 0 0 1 3 0 1 2 1 1 2 0 3 2 0 1 0 2 1 2 1 0 2 0 0 0 0 24 5 0 5 1 4 6 3 0 8 3 7 3 1 6 1 4 6 1 0 3 11 8 1 5 0 1 2 0 1 0 0 0 
5 0 2 1 1 3 0 4 4 9 7 0 9 6 0 323 607 329 133 99 81 66 72 75 87 2 0 1 1 0 1 7 45 51 43 36 11 16 19 17 11 19 17 39 29 21 9 22 1 28 38 21 8 10 5 4 9 2 0 0 0 2 78 0 332 375 307 196 105 152 183 133 88 188 143 298 390 180 87 204 18 224 317 187 35 78 77 28 77 51 0 0 0 2 
0 0 0 0 0 0 0 0 0 0 0 0 0 1 1 6 12 7 2 5 5 2 0 2 5 0 0 0 0 0 0 0 1 0 0 0 0 0 0 1 0 1 1 0 0 2 1 1 2 1 0 0 0 0 0 0 0 0 0 0 0 0 0 15 1 1 1 3 2 2 1 2 3 0 1 2 2 2 0 6 4 0 3 1 0 1 0 1 1 1 0 0 0 0 
46 1 76 47 5 150 34 9 5 113 82 103 672 879 68 3521 9407 6193 2225 2287 1671 1491 1508 1661 1776 8 34 18 72 0 12 161 29 120 94 80 17 30 58 44 27 28 43 97 108 148 14 73 13 141 94 73 21 36 21 11 35 47 18 0 8 6 954 9 8625 19892 36160 32132 6074 6575 15541 15921 22918 5357 17792 37671 49622 139721 4998 15090 2492 75989 30379 39043 11538 14246 9607 2292 27325 16582 0 0 1 5 
68 1 61 33 5 108 18 12 1 53 32 46 239 387 37 3200 8330 4551 2301 2222 1374 1278 1343 1248 1307 2 28 7 60 1 8 133 39 27 21 17 34 15 8 8 20 17 18 29 22 16 14 13 5 25 15 19 11 7 9 1 39 17 4 0 3 2 342 3 28524 24167 2735 1954 36036 1459 1356 1885 25514 1830 1465 8778 2446 1815 20247 942 192 15367 6314 1752 9310 632 873 313 36242 1839 0 2 0 2 
59 2 77 34 7 123 11 10 1 74 50 44 392 589 52 3702 9635 5078 2356 2510 1460 1315 1497 1443 1492 0 9 16 61 1 11 191 53 28 27 35 36 6 17 47 11 9 113 24 33 19 28 13 7 25 16 19 14 13 9 5 8 6 3 0 4 6 537 4 33474 2763 12844 3325 17480 1229 1763 49029 14697 2231 76602 6197 3624 2241 32467 1696 1026 8250 4697 6673 7422 1388 817 496 5819 932 2 1 0 12 
68 1 69 38 7 120 36 11 3 64 47 78 362 401 45 2589 7194 3841 2142 2266 1402 1229 1245 1236 1309 9 31 6 76 0 6 172 70 98 47 60 39 60 60 38 31 27 34 43 67 29 31 18 6 79 66 33 9 16 24 4 20 19 37 0 29 5 548 5 31120 4965 3984 24257 37975 3722 7573 4112 34021 3133 2413 4872 4833 4961 15795 1891 276 20730 8837 2490 6587 1114 2604 486 22001 3139 0 2 1 13 
86 2 101 56 7 239 63 11 9 122 75 72 1079 644 83 3190 8602 5524 2472 2549 1633 1422 1417 1556 1611 9 26 19 70 3 22 219 122 138 126 107 45 51 66 40 15 82 70 165 99 87 41 61 35 119 118 88 21 36 49 39 27 33 18 0 3 9 1348 10 30353 13741 15267 19646 47191 8250 11914 4715 10051 6659 10630 48216 19741 49234 6967 13715 1357 49044 31372 22124 2781 13469 9797 15368 14995 7745 0 0 0 15 
29 0 12 3 3 22 3 3 1 30 19 32 98 182 15 1028 2902 1540 839 879 613 538 538 550 528 2 64 2 20 0 12 47 12 13 9 5 18 14 4 6 10 9 6 10 6 8 6 3 0 6 5 11 6 2 5 4 2 4 8 0 8 1 121 1 11847 851 2841 1291 10786 19434 995 753 11173 749 736 4191 1043 964 5537 527 137 5390 1395 4104 3441 364 396 297 1274 220 0 0 0 2 
53 2 50 36 5 108 11 7 3 54 36 49 316 346 36 2296 6299 3289 1935 1724 1108 1000 1091 1157 935 6 15 8 39 0 8 137 33 118 33 66 47 19 28 31 11 27 20 29 45 17 27 39 3 39 47 27 13 8 14 6 8 17 15 0 24 2 435 1 29290 5866 2153 3998 31510 1686 24218 9112 19141 1713 1524 7136 4567 4666 13334 2219 175 9223 7694 2704 11987 567 1581 211 2527 1987 1 1 0 3 
55 0 36 18 3 113 32 6 4 50 25 85 236 221 27 1998 4869 2550 1325 1436 1016 860 990 981 893 3 52 10 38 0 15 126 39 20 12 14 19 8 13 13 10 19 7 29 20 24 10 8 7 18 15 15 10 6 14 1 5 4 17 0 29 3 254 2 29445 2337 1675 2084 14276 774 1224 1593 13413 1682 1646 7022 4073 13103 13557 1040 269 4032 5468 2709 5448 657 1332 220 2403 552 0 0 0 6 
22 1 49 81 5 118 22 7 9 87 44 60 529 501 21 1888 4714 3142 1149 1246 903 792 842 899 1165 9 58 13 44 4 10 127 60 43 83 51 26 23 46 18 54 22 53 107 54 142 20 43 18 50 76 84 6 20 11 13 16 35 17 0 6 7 600 2 21372 7661 32695 18198 21457 7004 15328 2668 3947 4517 18648 44823 22510 66330 8446 13238 2334 21892 55083 39020 2344 9779 1645 4159 4606 12674 0 1 2 3 
14 2 27 10 4 19 23 3 3 18 20 65 82 246 14 1273 3132 1678 838 1005 599 559 632 590 627 4 17 3 49 1 2 61 12 6 6 5 10 5 3 5 2 6 8 6 11 6 9 7 3 2 7 8 9 4 3 1 1 4 11 0 7 3 115 1 17374 1195 1420 1697 7893 602 810 1910 7020 2354 1615 1246 1958 1185 13697 800 112 1539 1438 977 8096 416 583 168 380 252 0 0 0 1 
50 1 27 8 3 52 25 5 4 45 26 103 225 244 21 1702 4725 2712 1578 1478 925 809 861 925 949 4 50 5 56 2 8 119 30 9 8 18 31 14 4 13 19 6 12 19 13 15 12 15 2 12 14 22 10 8 11 2 9 5 19 0 18 0 320 2 28976 1834 1912 1702 42570 816 939 3274 31427 1638 11428 4124 2872 2952 16595 1533 181 3192 4434 2856 7543 442 1240 265 5128 868 0 0 0 2 
94 5 53 49 10 109 147 8 39 98 41 150 724 611 41 3156 7390 3873 2235 2409 1294 1100 1267 1248 1335 6 126 14 48 1 4 245 80 70 42 60 45 30 37 21 48 40 30 75 85 21 45 42 5 42 62 47 14 17 23 6 15 10 10 0 226 5 1019 11 65505 9444 9613 18542 60417 8705 4815 3214 73285 4230 10300 105925 13688 3367 49045 6937 612 4515 13110 13205 16687 9762 2309 410 21913 2864 0 1 0 13 
107 3 125 32 8 332 27 27 4 141 101 139 508 650 60 4898 12188 6787 3300 3407 2019 1941 2000 2078 1930 9 10 17 105 0 10 367 79 132 51 49 51 28 27 35 48 61 47 43 51 39 42 69 10 38 66 101 13 9 22 4 20 22 9 0 0 7 905 3 73353 26315 6674 4593 46256 2652 2899 2864 50001 4328 3822 5130 35127 5544 35905 24827 299 5638 13065 4515 8378 1282 1603 544 10037 3227 1 0 0 15 
107 0 71 62 8 293 70 20 2 114 85 62 861 633 62 4318 10695 6672 3156 2772 1822 1690 1798 1759 1788 7 13 17 71 3 13 349 120 92 76 185 62 44 122 44 42 108 118 66 90 65 32 50 6 76 111 103 50 21 32 17 42 41 7 0 1 7 1199 8 76083 6926 27695 69747 65208 4749 62333 5842 70474 12691 45099 7273 6992 66194 28110 3998 1127 8020 21852 42864 12747 2702 2645 2612 21608 11727 2 3 1 14 
58 3 44 30 5 109 24 10 10 77 50 60 634 529 55 2094 5356 3325 1365 1327 947 947 937 970 1201 11 35 9 48 1 15 98 30 95 51 57 19 35 39 39 12 26 58 85 77 88 33 56 4 66 50 82 12 42 38 12 31 17 14 0 5 7 728 5 6020 11987 15625 18774 6561 5799 12665 7190 5243 3668 20308 28319 19041 54388 25349 17194 447 35442 19772 23312 9724 38003 15461 2453 8535 2866 0 0 0 5 
34 3 47 22 3 50 10 3 2 50 32 22 279 343 31 2234 5496 2938 1554 1497 894 903 884 884 1018 6 25 3 34 0 5 100 31 19 40 9 23 12 17 43 13 11 11 22 16 26 13 24 6 20 24 33 6 6 3 2 10 7 25 0 10 5 352 3 21872 1526 3002 1990 25465 825 1463 9640 16772 1239 1526 7789 2231 1517 13885 21561 221 7369 8056 5691 5301 435 678 317 1823 906 2 0 0 6 
7 0 2 3 3 1 0 0 0 3 1 7 20 53 4 168 654 393 216 185 197 168 186 172 184 0 1 0 4 0 0 8 6 3 7 3 5 1 2 4 2 3 4 0 4 3 3 3 4 2 1 6 11 1 4 1 2 0 1 0 4 1 27 0 822 234 205 178 331 97 104 157 798 119 188 185 315 200 225 201 404 229 289 317 9437 116 595 125 152 135 0 0 0 0 
140 2 52 49 7 93 19 20 2 104 39 55 364 439 34 3051 8214 4375 2570 2192 1456 1218 1360 1607 1346 5 37 7 50 2 8 279 89 54 63 64 66 40 43 24 56 39 41 85 67 29 51 30 13 38 35 55 14 20 10 4 22 16 8 0 13 9 561 2 73220 13215 20366 27183 61150 6080 16280 3781 92742 4370 23828 31505 18361 21271 43773 7361 1758 40929 18953 33178 16052 7918 3094 666 20017 3833 0 2 0 3 
61 1 111 36 8 141 14 7 5 95 42 77 364 1442 36 3583 9589 5305 2583 2570 1659 1416 1620 1519 1555 6 13 10 40 1 4 165 61 35 40 28 45 24 27 46 24 27 35 26 63 19 17 33 16 29 74 112 12 11 21 5 8 11 6 0 12 5 562 3 34419 5177 14132 4219 35918 2259 2804 51159 27057 2649 9690 8215 12476 5071 17340 9461 1282 3831 65993 58256 12493 1364 3514 620 5896 1712 0 0 0 10 
82 3 61 52 8 138 25 15 2 98 42 59 542 604 52 2892 7823 5117 2387 2559 1489 1347 1307 1270 1336 6 10 11 56 0 19 264 70 67 59 56 21 33 44 49 29 26 48 51 97 34 27 34 3 53 73 50 13 7 24 7 16 14 7 0 2 6 767 5 41049 6153 14794 3515 43403 2647 3052 32620 38215 2468 3194 6574 8163 3863 29893 2956 273 20584 14239 46197 11795 948 3085 589 10363 5735 0 2 0 13 
34 0 21 35 4 62 16 6 3 33 24 40 230 234 17 900 2457 1926 842 769 546 497 611 672 551 0 15 4 19 0 5 77 21 38 34 17 18 14 18 10 22 14 27 62 34 33 7 19 5 60 49 34 10 25 9 7 26 14 6 0 9 2 330 2 8310 9606 11008 7773 14613 4260 10514 1769 9944 2006 5470 21164 11140 23625 987 5644 423 24498 16020 12857 1347 20854 1138 960 2601 3044 0 0 0 2 
55 0 21 10 2 49 93 3 2 24 20 89 147 258 17 1180 3709 2447 1758 1341 534 533 555 556 526 3 6 2 25 1 9 93 34 22 13 20 65 11 10 12 30 19 12 11 33 12 5 15 2 13 16 12 17 7 7 2 20 4 13 0 5 4 261 3 19885 1656 1472 1374 64642 623 906 1129 39809 1098 1037 2069 2334 1403 7498 882 214 2310 2830 952 2081 1364 376 204 4374 694 3 0 0 2 
36 0 22 16 3 59 4 0 1 37 18 46 176 318 18 1464 4283 2497 1334 1175 776 689 767 779 793 1 5 2 17 1 4 82 24 29 14 14 21 10 17 15 7 8 13 38 28 13 6 25 6 14 22 11 8 2 27 4 46 13 3 0 8 2 243 0 14688 2621 1356 2231 10843 789 1662 1863 10651 1057 2067 3503 1967 4346 3179 1305 225 2351 3642 1926 781 263 1783 274 1623 797 0 1 0 4 
38 1 26 14 2 83 4 5 0 24 19 13 236 128 24 907 2900 1632 796 831 565 581 592 464 533 4 0 7 21 0 6 63 15 11 12 10 6 14 12 8 19 11 7 12 15 6 16 21 4 19 22 15 2 2 7 21 21 5 0 0 5 0 268 3 5002 1289 2263 877 3371 761 692 675 14469 511 677 1145 2106 779 3234 978 244 1179 2124 3794 1250 267 696 4026 22043 613 0 0 0 3 
79 1 61 46 11 250 29 12 12 95 73 51 786 373 48 3030 7558 5289 1971 1827 1498 1271 1390 1256 1270 13 22 14 40 1 29 172 63 106 54 70 18 28 39 39 16 61 48 116 61 56 13 46 11 72 68 54 9 9 17 7 12 16 9 0 12 8 1045 3 26744 8278 8058 9526 11213 2306 3658 2946 5093 3634 4284 21355 8323 12988 10878 3380 419 6696 15461 7182 3714 2020 1927 889 2608 3497 1 1 1 16 
28 1 20 6 2 81 3 4 1 31 23 9 174 202 30 1011 2990 1546 687 1074 524 498 537 492 540 3 4 6 23 1 2 91 26 20 8 14 13 3 5 5 13 7 13 10 28 11 6 7 7 9 9 9 8 4 18 10 8 26 6 0 5 10 322 2 14042 1595 1156 1516 8841 489 745 1428 8382 640 1205 2017 4974 1502 4141 804 301 1523 1181 1641 3157 408 914 607 5391 22942 1 0 0 0 
0 0 1 0 0 0 0 0 0 0 0 0 1 0 0 1 0 0 0 3 0 1 0 1 1 0 3 0 1 0 0 0 1 0 1 0 0 0 0 0 2 0 0 1 0 0 0 1 0 1 0 0 0 0 0 0 0 0 0 0 0 0 0 0 0 1 0 6 0 1 0 0 4 0 0 2 2 0 6 1 0 4 0 0 0 0 0 3 0 0 1 0 7 0 
0 0 0 0 0 0 0 0 0 0 0 0 1 0 0 1 2 0 2 1 1 2 1 0 0 0 0 0 1 0 1 1 0 0 0 0 1 0 0 0 0 0 0 0 0 0 0 0 0 0 0 0 0 0 0 0 0 0 0 0 0 0 2 0 0 0 2 0 1 0 0 0 1 0 3 0 1 1 0 0 0 1 0 1 1 1 0 0 0 0 0 6 0 0 
0 0 0 0 0 0 0 0 0 0 0 0 1 0 0 0 1 0 1 2 0 0 0 0 0 0 0 0 0 0 0 1 0 0 0 0 0 0 0 0 0 1 0 0 0 0 0 0 0 1 0 0 0 0 0 0 0 0 0 0 1 0 0 0 5 0 0 0 0 0 0 1 0 0 0 0 2 0 0 0 0 0 0 0 0 0 1 1 0 0 2 0 0 0 
4 0 0 0 0 1 0 0 1 4 0 2 0 0 0 2 6 3 1 2 1 2 0 1 3 1 0 0 0 0 0 2 1 1 2 1 0 2 1 1 1 0 4 3 4 3 1 2 0 1 1 1 0 0 0 0 0 0 0 0 0 0 1 0 6 4 7 3 3 2 2 5 1 1 5 8 15 4 4 1 0 1 2 7 0 1 0 1 1 0 1 0 0 12 
