511 7 18 42 12 12 0 45 19 23 4 0 5 5 5 48 130 83 68 33 17 14 17 18 22 0 0 4 5 0 11 212 4 12 5 1 10 2 2 4 2 4 6 10 5 10 6 3 6 6 10 11 1 5 2 1 4 1 0 0 0 14 7 0 36 28 56 35 79 18 24 24 26 16 29 51 29 95 21 24 14 25 74 59 5 10 16 11 21 14 0 0 0 4 
4 8 0 2 3 1 0 3 3 0 0 2 0 0 0 1 5 3 5 0 0 0 0 0 0 2 1 0 3 0 0 0 0 0 0 0 0 0 0 0 0 0 0 0 1 1 1 0 0 1 1 0 1 0 0 0 0 1 0 0 0 0 0 0 4 1 0 1 2 0 0 0 1 0 3 0 1 1 0 2 1 3 7 0 0 0 1 0 1 2 0 0 0 0 
22 0 51 62 12 6 1 4 5 15 3 1 3 2 3 92 714 200 108 59 46 40 39 38 29 0 0 0 1 0 2 44 2 2 2 2 2 2 4 1 0 2 1 5 2 4 2 1 1 4 3 3 2 0 3 2 1 0 1 0 2 8 1 1 20 15 12 10 14 5 8 7 10 6 10 15 16 12 16 7 1 16 16 9 3 5 11 2 7 2 0 0 0 1 
36 1 16 221 112 6 0 5 11 17 2 1 0 3 1 57 101 40 33 34 36 12 18 26 19 1 0 0 3 0 0 31 9 6 6 5 17 3 1 16 11 1 3 7 15 5 5 5 6 8 5 13 4 1 23 1 4 1 0 0 0 9 2 1 33 23 31 18 57 9 12 71 55 13 17 28 52 23 34 16 10 23 22 108 17 9 88 3 44 3 0 0 0 0 
13 1 4 25 20 9 0 8 6 16 2 0 1 0 0 4 33 12 15 12 15 8 9 8 6 0 1 0 2 0 1 13 8 8 13 8 6 2 10 5 2 3 2 9 9 0 2 10 1 6 6 3 2 0 5 0 0 0 0 0 0 13 4 0 45 68 65 32 20 34 50 21 15 33 25 43 52 22 8 45 3 31 72 41 5 7 17 3 12 2 0 0 0 0 
15 1 6 6 9 51 0 17 4 21 1 0 0 1 1 9 41 24 17 9 10 9 11 6 7 0 0 1 2 0 0 14 34 30 23 43 8 9 10 12 10 43 21 26 37 11 6 11 1 20 28 23 1 2 8 2 6 3 0 0 1 11 5 0 195 187 206 190 65 46 61 62 33 282 176 142 328 106 40 87 3 139 211 168 14 31 36 6 34 29 0 0 0 0 
0 0 4 0 0 0 11 0 0 1 0 6 1 8 2 15 6 7 0 4 3 3 3 14 13 0 10 0 1 0 0 0 5 4 3 5 2 7 1 1 1 4 6 2 8 8 0 2 0 4 11 2 1 3 1 0 1 2 6 0 2 0 0 0 42 16 19 32 12 7 33 8 14 11 24 34 44 25 26 15 8 34 172 61 5 18 4 5 5 12 0 0 0 0 
6 1 8 9 1 10 1 25 35 29 1 0 0 1 2 11 40 17 17 10 4 6 9 11 15 1 0 0 4 2 0 9 2 0 1 1 1 0 1 2 2 0 8 34 2 1 1 2 1 1 1 2 1 0 0 0 1 0 0 0 0 8 1 0 9 11 3 10 4 4 1 7 7 1 7 15 2 2 7 3 0 4 5 6 3 2 2 0 2 1 1 0 0 0 
20 1 7 7 10 9 0 24 22 15 1 1 1 1 2 10 18 6 2 3 3 3 5 4 7 1 2 0 4 1 8 7 2 1 1 6 0 0 0 0 0 5 3 4 5 1 3 0 0 1 1 1 2 0 1 0 0 0 1 0 0 8 3 0 17 14 18 12 9 4 16 5 6 21 15 16 46 18 5 14 0 15 18 14 9 2 4 3 10 1 0 0 0 1 
19 1 16 8 6 13 0 17 14 507 7 2 39 8 21 118 375 198 76 58 56 65 72 83 135 5 0 1 2 0 5 13 10 15 11 7 2 9 7 3 11 5 5 7 8 6 2 7 0 14 14 8 3 3 2 3 6 1 0 0 0 9 7 0 77 53 68 57 34 27 28 27 24 49 58 69 75 35 29 40 7 53 69 55 12 20 18 9 23 13 0 0 1 6 
3 1 2 2 1 1 0 1 1 12 79 0 38 10 7 48 127 75 51 32 33 37 25 20 44 0 0 0 1 0 2 8 1 4 11 10 1 2 2 5 0 11 6 6 12 5 1 7 2 2 7 3 1 1 0 0 1 0 0 0 0 1 4 0 73 61 64 48 36 22 36 36 20 68 59 57 91 40 16 33 5 35 54 47 5 10 11 7 12 7 0 0 0 0 
0 0 1 0 0 1 3 0 1 2 1 66 7 99 8 40 131 77 56 12 17 19 23 16 20 0 14 2 5 0 1 0 6 5 12 8 8 4 3 1 5 5 5 8 7 2 3 3 0 2 9 11 2 2 1 0 2 0 12 0 51 2 4 0 95 71 71 65 40 43 47 49 74 57 112 97 83 21 60 47 6 41 72 48 43 37 12 8 25 9 0 0 0 0 
1 0 2 3 0 0 0 0 4 38 15 3 157 22 5 503 1043 613 280 294 214 212 225 275 338 1 5 1 15 2 2 3 58 101 68 59 32 21 41 31 13 43 41 66 101 63 19 40 6 79 50 82 15 13 26 7 18 17 1 0 0 0 8 2 543 696 484 458 287 185 269 246 158 353 339 543 686 375 163 325 35 450 552 511 128 107 164 74 173 144 0 1 1 0 
7 0 19 4 0 5 4 3 3 12 3 58 28 804 31 414 1313 612 256 220 155 136 156 171 229 2 7 3 1 1 7 15 104 95 123 67 41 38 66 48 34 47 46 70 129 44 36 116 5 71 93 62 14 20 35 9 12 6 5 0 1 0 13 1 572 594 857 418 269 287 337 254 179 272 272 476 720 299 199 477 48 449 603 443 117 137 209 59 106 65 0 0 0 0 
1 0 5 1 4 2 4 3 3 58 3 3 6 31 92 146 550 245 117 65 56 61 61 126 255 0 1 0 2 0 3 2 6 7 8 9 4 1 5 0 1 6 6 5 6 2 2 1 0 4 7 3 0 0 1 0 2 0 2 0 2 0 4 0 53 42 32 32 17 20 21 31 14 33 19 46 48 27 24 36 4 28 53 32 2 9 14 4 10 9 0 0 0 0 
36 0 12 16 38 9 5 9 6 104 43 22 282 244 177 51648 50500 43390 34176 31377 32255 30865 29694 32319 31627 3 8 6 17 0 5 62 142 144 106 113 51 47 62 52 30 90 71 134 152 116 28 70 9 101 127 91 31 46 37 19 28 20 2 0 0 10 135 8 1451 1417 1338 1165 674 607 775 590 513 1115 1142 1409 1645 1646 528 1097 94 1348 1542 1161 301 572 477 270 435 267 0 2 0 1 
71 3 30 42 8 26 5 10 4 141 56 35 386 281 333 66986 64699 85371 40157 39059 36500 32191 31642 35383 78880 10 4 3 20 2 11 164 206 120 140 129 102 67 84 43 50 143 111 163 169 140 47 81 46 102 170 123 26 37 44 19 31 34 0 0 2 7 187 23 2436 1664 1910 1555 1454 715 1054 739 610 1491 1251 1906 2167 1995 761 999 230 1350 2301 1574 313 462 516 275 606 364 0 0 0 2 
59 2 42 14 8 17 4 9 4 123 62 30 338 273 315 66007 57403 48312 44044 35596 41587 31375 29369 33249 31295 4 8 5 32 0 15 91 169 197 194 153 89 89 90 81 56 141 152 157 192 120 33 81 35 116 152 139 38 49 57 40 52 39 4 0 4 1 200 6 2198 2062 1967 1788 1166 895 1087 941 682 1600 1972 1854 2311 1568 663 1140 263 1509 2056 1439 423 501 738 621 655 364 0 1 0 0 
63 1 26 45 7 24 2 11 13 119 51 30 327 305 233 39096 44178 39087 29712 27069 26069 25402 22356 23693 23671 15 4 10 25 1 14 109 175 145 125 139 60 76 82 71 39 132 97 200 183 154 27 91 25 217 149 123 29 48 57 29 61 28 0 0 5 6 181 2 1952 1560 1413 1415 876 656 807 719 565 1420 1257 2074 1956 1930 481 992 179 2399 1844 1597 263 486 585 370 749 382 3 0 0 2 
39 1 25 38 44 13 1 9 10 105 52 27 340 191 247 33761 39725 35907 26000 25433 34247 24131 22971 25707 24044 11 9 0 29 1 23 85 206 138 150 142 454 69 94 80 40 195 115 582 243 101 40 93 31 155 147 121 59 38 39 29 48 34 2 0 3 9 186 4 2235 1570 1633 1576 5618 778 991 869 564 1779 1347 5155 2857 1448 502 1037 224 1630 1980 1501 775 477 556 288 665 297 1 1 0 3 
42 1 19 23 48 17 5 9 5 111 46 28 274 187 249 34443 40198 36168 26642 26926 27854 27600 23523 25406 25132 4 5 1 25 0 8 87 149 100 100 80 61 52 68 55 27 127 71 97 134 66 29 60 15 68 127 87 23 39 37 23 36 14 0 0 4 7 132 2 1615 1068 1146 1032 761 500 654 690 460 1167 933 1065 1544 730 408 701 132 998 1214 1171 222 298 472 252 462 218 0 0 0 3 
30 0 13 13 26 12 3 6 6 96 72 24 229 182 221 31912 37269 32782 24784 23358 26299 26888 23903 24632 27060 1 10 5 32 2 3 72 117 75 66 75 48 47 48 37 30 101 56 82 120 56 23 48 20 77 88 67 18 24 31 15 31 23 1 0 8 2 148 1 1419 997 977 827 664 488 605 487 387 1076 788 905 1232 680 352 639 120 850 1107 891 184 295 296 224 345 181 1 2 0 0 
32 0 17 15 4 19 2 4 3 96 32 14 237 142 287 30228 35262 29990 22180 22988 23494 21428 26551 28131 24326 3 3 1 14 1 15 76 130 73 81 103 50 49 56 55 27 123 90 93 120 63 17 54 11 71 94 81 23 23 35 24 25 16 3 0 2 3 132 3 1542 1065 1135 936 703 508 588 607 384 1232 825 929 1455 728 405 703 136 943 1220 907 289 316 363 227 406 222 1 1 0 1 
26 1 14 11 4 8 3 4 4 102 37 22 232 153 294 30625 34924 31607 22584 22930 24571 23117 24321 28998 28004 5 13 4 21 2 9 60 127 107 94 91 72 41 52 42 38 104 70 106 114 85 29 58 16 71 91 73 17 29 23 15 31 13 5 0 11 1 126 2 1384 1045 1034 897 746 499 581 534 464 1156 853 992 1470 725 414 654 139 816 1073 975 228 304 348 179 351 231 0 0 1 1 
30 1 19 14 16 9 1 9 3 189 58 24 241 150 228 31311 35713 31089 22387 21805 23669 23930 23788 31284 33433 3 10 0 14 1 14 60 127 99 77 80 68 46 59 33 28 100 57 92 113 84 29 53 12 82 86 59 24 23 25 11 25 20 3 0 9 7 104 2 1431 974 997 884 707 486 549 520 471 1102 813 991 1273 705 391 671 108 805 1078 878 231 329 326 213 355 225 0 0 0 4 
1 1 0 0 0 0 1 1 29 1 0 0 9 1 0 9 22 6 7 3 2 3 2 1 4 7 2 0 0 0 1 4 1 0 0 7 1 1 0 0 0 0 0 0 0 2 0 2 0 2 1 1 0 1 0 1 0 0 1 0 1 0 3 0 4 3 1 2 2 2 2 2 3 7 3 3 5 0 2 5 0 5 3 6 3 2 0 2 1 0 0 0 0 0 
0 0 0 0 0 0 23 0 3 1 0 12 4 4 1 13 23 14 5 8 7 16 4 8 9 0 27 0 2 1 0 2 3 1 0 1 1 2 1 0 3 0 3 3 1 4 3 3 0 1 1 0 0 0 0 0 0 0 3 0 7 0 3 1 54 40 12 40 49 20 17 12 87 21 29 42 7 8 46 44 0 11 31 14 13 10 7 4 55 5 0 0 0 0 
0 0 1 0 0 0 0 1 0 0 0 3 1 0 2 2 7 4 210 3 2 1 2 0 1 0 0 4 0 11 0 0 1 0 2 1 0 0 0 0 0 0 0 0 1 1 1 1 1 2 0 0 0 0 0 0 0 1 0 0 0 1 1 0 3 1 1 1 1 2 0 2 3 1 0 0 1 0 4 0 1 0 1 1 0 0 1 2 2 1 0 0 0 0 
1 0 1 1 2 1 0 6 8 4 0 5 20 3 1 34 164 88 32 48 7 24 16 19 19 1 1 9 39 0 3 0 9 8 1 6 2 2 4 3 2 3 4 39 6 1 1 9 1 4 7 2 2 0 2 0 1 0 3 0 20 2 0 0 43 106 42 39 25 23 11 28 19 34 59 232 57 22 17 32 5 27 59 41 7 20 11 3 12 5 0 0 0 1 
2 0 1 1 0 0 0 0 0 0 0 0 0 2 1 2 4 2 3 1 0 1 0 0 2 1 0 8 0 7 5 1 4 0 0 1 0 2 2 1 0 1 1 0 4 0 1 2 0 2 1 3 0 1 0 0 0 0 0 0 0 0 1 0 1 1 1 1 1 0 1 0 0 3 0 2 1 1 0 1 0 0 1 1 0 0 1 0 0 0 0 0 0 0 
16 2 4 2 2 0 0 1 0 2 1 1 0 1 3 5 45 13 14 8 3 9 0 3 13 6 1 0 2 5 100 1 3 0 1 0 1 0 2 0 0 0 0 1 2 1 1 0 0 1 1 0 1 0 0 0 3 1 0 0 0 0 2 0 8 8 5 2 2 5 3 3 6 3 4 12 5 4 3 2 0 4 10 7 3 3 6 1 6 1 0 0 0 1 
43 0 92 33 7 18 0 8 14 25 2 1 8 19 5 160 751 326 137 96 69 76 70 63 111 5 0 1 4 0 2 133 21 21 20 23 9 10 8 15 7 11 12 16 30 35 3 9 4 27 25 20 4 6 11 3 8 5 0 0 1 12 22 0 103 120 128 99 52 52 61 116 67 80 84 205 203 389 32 76 13 230 165 170 36 36 50 27 87 34 0 2 0 3 
33 2 40 11 0 36 3 9 1 24 16 12 75 70 10 991 2616 1292 419 355 306 300 309 401 455 2 2 0 7 0 1 34 649 1745 1652 1660 773 409 830 1449 1368 592 1073 3896 2560 8469 226 828 90 5200 3158 2047 409 581 455 210 1599 660 1 0 1 2 173 0 35 60 61 50 19 18 48 35 43 19 33 163 139 306 13 47 8 148 88 67 30 21 22 13 33 27 1 0 1 0 
12 0 10 4 0 1 2 1 2 11 0 5 11 10 1 153 333 182 103 72 45 43 57 42 57 0 0 1 3 1 2 13 2064 404 82 80 1830 85 52 120 1392 70 58 870 90 52 2507 34 7 666 185 57 648 16 34 15 1068 59 0 0 0 1 14 0 279 22 9 4 248 8 6 5 133 5 8 109 9 10 349 5 5 163 11 9 128 3 3 3 28 5 0 0 1 1 
16 1 13 6 2 5 0 0 4 12 4 3 17 8 2 228 419 238 134 145 54 48 78 73 85 1 1 0 3 1 2 21 1970 105 264 102 2537 52 67 3569 1242 90 2226 296 135 77 1810 49 13 435 121 238 533 42 28 28 535 30 0 0 2 0 29 0 237 13 8 13 89 10 10 247 57 12 29 62 11 15 176 2 1 81 8 16 56 10 6 7 21 3 0 0 1 0 
25 1 11 6 1 3 0 3 1 7 0 5 21 11 3 219 563 350 157 146 69 87 80 99 100 4 0 1 1 0 5 21 3348 261 224 490 3051 142 236 164 2062 132 85 449 259 147 1914 104 8 931 549 142 391 52 128 50 2426 121 0 0 0 0 31 1 249 7 17 14 235 19 10 7 131 9 8 24 19 10 182 14 1 94 15 12 65 5 9 4 57 5 3 0 1 0 
46 0 53 29 2 38 5 2 3 32 8 12 86 70 9 888 2334 1335 495 503 311 309 277 363 379 1 5 5 15 1 5 38 1612 1291 1062 1362 2056 469 663 385 823 549 877 5838 1841 5120 612 783 85 7452 3565 2721 253 583 412 460 2437 702 1 0 0 2 157 1 63 46 28 43 30 42 20 24 26 30 24 117 101 85 16 36 0 89 68 53 12 37 16 23 34 16 0 0 0 4 
14 0 6 3 0 5 0 2 1 5 0 8 10 5 1 106 219 115 63 58 32 45 32 43 54 3 7 2 6 0 1 9 765 71 60 65 589 458 115 40 711 44 28 278 83 45 405 35 8 319 104 147 224 17 29 13 331 10 8 0 3 1 12 0 119 7 3 10 64 12 14 5 80 3 5 56 13 4 80 2 5 76 8 8 45 11 4 6 15 2 0 0 0 0 
12 0 10 7 0 2 1 2 2 1 1 2 24 17 3 158 410 206 111 90 73 70 68 72 77 0 3 0 1 0 0 13 1748 235 100 143 2018 90 647 524 1537 102 162 620 162 134 1441 88 13 438 506 137 769 30 62 16 418 105 0 0 2 0 32 0 102 13 10 12 91 13 14 14 163 5 14 38 10 12 118 10 2 84 18 8 93 3 4 1 24 2 0 0 0 0 
22 1 6 6 1 10 1 1 1 7 0 3 17 12 6 255 518 308 134 127 74 67 92 97 112 2 0 0 3 1 0 25 3303 285 126 104 2159 71 113 117 2012 87 109 237 251 203 1629 91 12 228 213 315 734 28 76 18 513 38 0 0 1 0 39 0 154 19 12 10 103 6 10 2 92 6 6 4 19 10 163 8 5 14 18 10 43 4 5 4 13 5 0 1 0 2 
9 2 19 15 1 15 3 7 5 9 3 6 46 33 6 567 1305 656 227 202 133 146 182 262 247 1 10 2 4 0 3 24 4026 659 2625 1387 5311 450 821 202 525 314 1042 3086 1231 5690 1722 556 241 1498 4225 3570 271 408 98 250 663 618 0 0 1 1 94 0 54 28 38 27 32 9 20 6 10 13 31 64 36 91 27 23 2 25 85 61 9 14 4 9 10 13 0 0 0 1 
7 0 2 1 0 2 1 0 0 3 1 1 8 7 0 108 195 91 55 58 30 38 29 40 44 0 0 2 2 0 0 6 1413 48 71 60 511 27 40 105 369 145 74 68 105 47 827 45 7 155 68 38 343 17 30 21 29 15 0 0 0 0 3 0 225 11 5 5 142 4 4 11 35 6 12 5 7 6 191 3 3 13 10 9 72 6 4 4 5 5 0 0 0 0 
35 2 20 11 1 14 4 4 2 13 0 5 38 28 0 291 828 385 219 174 142 129 129 135 141 1 5 3 8 0 1 20 1872 257 197 170 3255 125 115 213 2994 172 257 502 365 233 844 159 19 263 729 199 380 27 158 27 1874 89 0 0 1 0 64 1 218 18 20 12 166 11 5 17 198 15 17 25 34 31 61 11 1 46 30 18 35 3 15 2 67 7 5 0 0 2 
24 2 19 3 0 9 2 1 16 14 3 4 33 27 7 367 766 364 180 155 80 108 100 107 133 2 6 2 1 1 2 17 4391 386 243 438 4802 163 196 120 4503 199 231 2172 422 146 3577 175 21 168 639 328 725 132 106 27 2919 170 3 0 3 0 51 0 222 37 10 24 242 13 7 11 273 9 16 19 31 14 294 7 1 11 26 22 114 9 11 4 103 8 0 0 2 1 
18 1 2 4 1 6 0 3 4 11 3 3 16 15 2 238 480 250 139 103 60 74 69 99 83 0 1 3 1 0 0 28 4573 377 162 107 2378 53 103 83 2419 125 85 132 464 131 2794 636 12 129 307 99 343 31 56 29 1366 77 1 0 1 1 21 0 520 14 20 10 161 6 6 11 176 11 5 11 25 18 229 21 5 19 25 8 55 3 5 10 63 4 0 0 0 0 
23 0 19 2 1 13 3 3 1 11 9 7 38 27 2 443 1087 627 271 208 134 124 137 149 186 1 1 0 11 0 0 29 4001 406 1563 2295 4166 168 1864 216 3472 308 1256 373 382 1986 1210 201 50 248 891 1774 493 94 99 95 2129 321 2 0 1 1 66 1 188 19 52 50 127 9 38 15 162 18 37 18 33 20 85 17 6 17 27 38 42 7 7 5 43 16 0 0 0 2 
25 1 25 7 1 12 1 2 4 17 3 5 46 48 7 545 1481 750 233 236 176 216 176 253 281 1 2 2 6 0 2 21 391 849 833 824 422 283 399 246 290 236 836 2115 1282 5140 1227 734 42 2073 1432 1370 598 1084 367 196 782 166 0 0 0 4 95 1 17 21 29 21 10 21 15 17 10 7 22 60 50 85 26 28 2 51 48 26 11 25 17 5 17 10 0 0 0 1 
12 0 10 4 0 3 3 2 2 0 0 1 18 14 3 150 386 181 104 97 57 56 65 62 83 4 1 0 3 0 0 17 1299 97 111 104 1271 52 52 682 1184 65 123 713 122 72 942 576 13 286 453 196 367 15 34 17 606 80 0 0 3 0 21 0 174 10 8 6 129 7 6 58 151 4 36 34 15 6 108 13 6 55 24 16 50 7 4 5 32 11 0 0 0 1 
3 0 0 3 0 1 0 0 0 0 0 0 2 2 0 14 42 28 20 13 14 5 5 8 24 0 0 0 0 0 0 1 54 11 20 13 16 3 6 13 36 7 5 6 13 14 21 9 19 14 17 26 886 6 53 7 17 7 0 0 0 0 2 0 14 4 5 6 7 4 0 3 6 3 2 4 10 6 2 2 3 6 5 7 82 3 13 6 2 2 0 0 0 0 
29 1 16 3 3 9 3 3 2 9 3 0 24 28 2 246 599 300 173 130 75 91 84 104 86 1 1 1 0 0 2 17 3781 256 327 601 4254 207 416 121 4695 113 393 829 559 382 2749 246 36 1030 613 1458 592 108 79 29 1461 113 0 0 2 0 43 0 204 24 20 30 166 10 16 11 184 5 18 28 28 12 283 12 6 25 18 39 80 7 10 5 42 7 0 0 0 2 
27 0 36 4 1 11 3 1 3 10 3 6 33 40 5 459 1096 592 218 194 129 124 136 174 148 1 0 2 3 1 1 17 1993 282 491 221 2728 120 206 2601 2199 151 516 402 627 228 1378 416 55 219 1595 2941 547 53 319 60 1289 60 0 0 0 0 59 1 152 12 48 13 144 14 7 216 136 14 43 36 82 19 90 68 3 16 24 175 75 13 62 5 40 7 0 0 0 0 
21 0 16 7 3 10 0 2 1 4 2 3 32 28 2 280 693 367 169 193 91 107 85 81 107 0 3 2 6 0 2 27 2923 511 393 129 3856 155 150 2086 3231 115 149 793 293 252 2461 120 33 984 704 1568 721 48 186 18 1806 318 0 0 0 0 40 0 190 66 22 6 155 16 9 102 196 6 17 29 14 21 145 11 3 79 26 20 60 6 19 4 56 8 1 0 0 1 
11 1 8 4 0 5 0 2 1 2 0 2 7 13 1 115 302 178 71 69 33 39 54 80 68 1 1 0 1 0 1 9 704 386 474 398 1101 129 258 76 648 100 333 770 488 1040 55 251 36 991 1370 817 57 217 45 74 140 133 0 0 0 1 18 0 11 14 20 20 11 8 11 11 11 8 12 18 3 34 4 15 2 36 40 29 4 10 4 2 9 7 0 0 0 0 
7 0 4 6 3 0 3 0 0 2 0 1 7 10 2 55 146 83 158 59 19 21 18 23 27 0 0 1 0 0 4 6 1139 166 136 113 4721 36 63 77 1539 169 74 74 219 75 467 52 3 99 130 82 142 45 27 14 262 24 1 0 0 1 8 0 58 15 13 7 107 10 1 6 61 8 6 5 10 6 24 9 1 4 9 5 17 9 6 1 11 1 1 0 0 0 
8 0 12 0 0 1 0 0 1 0 0 0 3 3 1 48 143 86 73 35 30 24 28 30 33 0 0 0 3 0 1 9 796 88 42 77 706 51 40 111 512 25 46 60 94 667 437 31 14 54 137 118 33 20 65 9 115 25 0 0 0 1 4 0 84 11 7 13 74 8 6 28 73 5 9 5 9 10 72 10 4 13 20 12 8 5 6 1 11 3 0 0 0 0 
5 0 8 3 0 2 0 1 0 3 1 0 8 6 3 92 228 102 60 43 37 39 45 45 45 2 0 1 1 0 0 10 218 39 55 44 93 15 17 22 438 19 20 41 50 26 42 34 6 29 105 66 51 21 20 193 273 30 0 0 0 0 19 0 34 11 12 7 19 4 7 8 27 2 4 5 5 2 12 4 2 6 8 12 5 4 3 13 10 8 0 0 0 0 
30 0 38 10 2 26 0 2 3 22 8 7 118 63 9 667 1788 925 305 313 238 233 235 294 289 0 2 0 7 0 5 26 1825 1252 488 608 701 205 747 168 225 475 381 994 746 761 626 341 56 489 855 613 172 118 95 48 226 168 0 0 0 2 163 0 91 45 17 25 49 13 40 16 12 17 11 25 27 24 71 12 2 17 21 27 24 10 4 7 10 6 0 0 0 2 
19 0 7 0 0 4 0 1 0 3 3 2 15 15 3 168 368 188 74 69 44 54 50 63 57 0 0 0 1 0 1 12 1069 91 64 37 727 18 45 91 698 43 85 168 139 67 367 33 12 57 85 107 133 9 39 58 1206 552 0 0 0 1 28 0 75 11 9 4 53 2 5 16 52 6 8 12 9 4 31 3 3 9 9 13 18 2 3 13 26 22 0 0 0 0 
0 0 1 0 0 1 0 0 0 0 0 5 0 0 1 9 13 9 3 2 2 13 4 5 0 1 13 1 3 0 0 0 2 1 1 1 1 1 0 2 0 1 0 3 1 1 0 0 0 0 0 0 3 0 0 0 0 0 13 0 22 0 0 0 20 17 5 11 14 3 5 25 21 3 10 11 7 4 6 22 0 4 6 2 12 33 3 3 7 2 0 0 0 0 
0 0 0 0 0 0 0 0 0 0 0 0 0 0 0 0 0 0 0 0 0 0 0 0 0 0 0 0 0 0 0 0 0 0 0 0 0 0 0 0 0 0 0 0 0 0 0 0 0 0 0 0 0 0 0 0 0 0 0 0 0 0 0 0 0 0 0 0 0 0 0 0 0 0 0 0 0 0 0 0 0 0 0 0 0 0 0 0 0 0 0 0 0 0 
1 0 1 0 0 0 11 0 0 3 0 19 0 10 0 10 35 20 9 4 4 6 8 7 10 1 13 0 2 0 0 1 4 0 3 0 0 0 0 3 2 2 2 2 2 7 0 1 0 1 0 0 1 0 0 0 1 0 21 0 15 0 3 0 18 17 3 36 5 8 4 51 18 8 15 31 9 3 8 22 4 9 15 8 26 20 6 0 19 4 0 0 0 0 
12 0 10 6 14 15 0 5 11 6 1 2 1 2 0 2 10 9 7 2 2 6 8 5 2 1 0 1 2 0 1 6 2 3 0 3 0 2 3 1 2 1 1 1 1 1 0 0 0 0 0 0 1 0 1 1 1 1 0 0 3 38 7 0 7 2 5 4 5 0 1 4 9 5 5 2 6 3 6 3 0 3 4 3 1 2 2 2 4 2 0 0 0 0 
4 0 11 7 1 6 0 4 3 9 6 0 7 9 1 814 2083 1088 312 298 180 197 202 270 328 3 0 1 2 0 1 20 65 81 68 64 31 34 46 38 15 40 41 68 96 45 26 60 4 55 73 50 11 14 26 8 16 11 2 0 0 5 124 0 572 764 640 483 250 249 365 296 207 374 411 618 815 404 144 411 42 483 631 455 83 111 193 73 188 137 0 0 0 0 
0 0 0 0 0 0 0 0 0 0 0 0 1 0 0 8 33 4 2 5 0 3 2 3 5 0 0 0 0 0 0 0 0 0 0 0 0 0 1 0 0 3 1 1 1 0 0 0 0 2 0 1 0 1 0 0 1 0 0 0 0 0 0 17 2 6 5 2 4 4 3 3 3 1 1 3 5 1 0 3 0 1 10 3 2 2 0 0 2 3 0 0 0 0 
356 2 289 96 15 390 52 46 13 348 168 139 1143 1142 141 11970 29784 16566 5761 5694 4316 4155 4613 5671 6047 32 62 56 122 1 34 359 91 200 147 124 56 56 77 104 55 94 119 255 228 302 19 102 25 255 192 162 22 53 51 41 54 44 10 0 7 16 2612 8 11268 26390 25456 27138 10357 7497 15144 22421 22432 10454 21178 58091 42325 124480 4551 14941 1632 73759 45666 34431 7132 9093 8053 3451 24115 9405 0 1 1 17 
68 1 31 17 4 19 5 1 3 51 15 41 111 100 7 2010 4142 2287 1253 1197 615 652 666 722 839 4 26 3 31 0 7 111 56 18 20 4 44 12 11 3 31 12 8 50 9 8 43 18 3 22 13 11 14 6 4 6 30 8 3 0 6 1 162 1 31959 6735 1434 1123 28739 1479 852 2203 21414 1050 913 11712 1551 1067 30984 589 154 9852 3475 958 11157 329 495 252 15590 1079 0 0 1 1 
74 1 76 15 6 45 5 9 11 53 18 51 135 141 26 2990 5690 3094 1533 1450 738 781 921 1108 1123 5 9 8 25 2 6 118 69 15 28 12 86 8 11 88 32 18 79 24 23 12 47 11 4 19 16 18 16 7 9 7 13 5 10 0 12 7 270 0 30320 1616 3599 1635 33495 864 896 53025 17158 1509 29247 5163 2115 1157 27417 923 264 6643 2739 3424 8220 667 543 406 7321 653 0 0 0 8 
121 1 87 45 4 89 24 10 7 82 32 47 278 235 30 3177 7197 4156 2322 2194 1291 1283 1272 1438 1455 9 35 17 38 1 17 189 107 48 43 51 92 42 43 28 53 41 35 61 56 29 73 37 1 49 58 31 12 16 25 12 57 13 10 0 16 9 469 4 44994 4001 3315 7034 43300 2603 3901 3535 31270 2684 1965 8183 4567 2795 27687 1885 214 12493 9151 2351 7186 863 2327 600 31152 2530 1 0 0 5 
398 9 385 158 20 497 69 52 13 377 124 144 1378 1207 142 11129 25458 15886 6325 7384 4529 4295 4490 5161 4935 28 77 64 197 10 65 485 162 271 114 143 74 111 112 93 48 123 92 408 307 233 55 105 18 320 262 178 48 46 64 41 100 50 23 0 4 18 2808 20 25449 20032 17523 22388 29777 8154 10194 6976 13312 8337 14867 76130 27857 72866 8904 12538 1302 105613 50015 38034 4230 9169 6818 6387 33444 9075 0 1 0 24 
56 0 35 16 0 37 4 6 7 37 13 23 109 102 28 1370 3434 1855 880 1027 616 632 636 699 717 5 26 7 12 0 3 77 42 17 12 14 14 17 29 19 18 18 5 21 20 17 10 17 3 20 13 14 12 6 8 1 10 7 2 0 6 5 225 0 12622 1247 1321 1231 10096 8076 1503 828 11905 901 824 4574 1342 972 7386 703 138 6312 1741 2693 3850 301 473 217 5409 258 0 1 0 5 
94 0 60 37 5 85 25 7 4 63 25 58 318 172 26 2911 6240 3832 1624 1481 1072 985 1027 1299 1255 7 18 8 26 1 2 182 71 50 22 40 60 17 18 25 36 24 47 51 36 30 51 29 7 23 53 44 25 13 10 5 14 19 26 0 14 6 492 4 26465 2921 1795 2245 29752 1425 8950 8857 22669 1656 3126 8873 3154 2706 20992 1763 208 7562 7691 2743 11144 561 1349 387 7775 1775 0 0 0 6 
179 1 100 40 5 154 24 13 6 76 35 51 304 292 24 3545 7253 4000 1943 1974 1239 1160 1247 1550 1455 10 18 23 48 1 11 256 89 76 23 21 63 20 27 26 62 30 20 50 42 15 40 20 5 27 32 32 11 8 15 7 27 8 12 0 16 2 566 3 46472 3604 2319 1973 31362 1213 1729 1955 31475 1736 2265 4154 4341 4071 22719 1535 206 4444 3627 6086 10724 743 1299 366 7929 794 0 1 0 5 
188 1 175 121 6 261 32 32 12 198 117 100 900 656 91 7361 16933 9342 3538 3295 2500 2298 2667 3503 3689 17 43 31 74 4 23 309 187 81 129 85 159 29 74 31 26 49 94 198 134 241 57 67 32 91 191 191 20 24 12 16 25 30 13 0 11 15 1570 11 50034 12044 37086 20386 74202 6720 13581 3839 7514 5800 19011 45410 21942 86209 20327 9960 2816 23414 59012 46705 4406 6454 2190 4282 7741 9098 1 2 0 15 
24 0 25 7 1 13 11 3 2 38 4 18 41 51 8 1302 2314 1357 530 597 320 354 416 553 525 2 9 4 5 0 0 50 37 7 8 6 5 4 3 5 9 5 7 6 13 9 24 2 1 8 5 4 10 5 3 2 1 5 1 0 0 1 64 2 21496 877 1240 1093 9259 399 498 1812 6926 1703 1365 1241 1741 878 12508 719 93 1930 1047 732 5922 393 381 151 529 229 0 0 0 1 
234 0 153 85 9 213 28 17 6 181 58 119 605 507 42 4173 9770 5622 2985 2738 1949 1727 1794 2169 2089 17 57 31 58 4 23 290 123 66 42 58 115 47 31 43 85 49 28 74 107 47 69 57 6 59 103 53 51 14 31 9 208 10 27 0 28 7 1103 6 32282 4172 3288 3477 46345 2323 1959 4183 41878 2924 4870 7926 6152 4186 16590 2973 279 4634 11995 3932 6801 715 2356 485 26398 1558 3 2 0 9 
173 3 111 38 2 124 35 10 11 114 51 86 463 433 42 4402 9125 4965 2566 2264 1385 1469 1493 1819 1879 15 108 21 44 3 9 261 110 71 40 54 135 19 37 35 91 21 48 52 72 31 99 28 4 32 55 46 17 6 14 8 75 14 14 0 18 5 850 3 59245 6468 4419 7140 71719 2995 2868 2545 62648 2940 4112 31326 7224 2404 50348 3377 413 2976 11018 5080 12991 2380 1792 441 40692 2784 0 1 0 6 
104 0 69 23 3 82 9 10 21 77 31 70 209 237 27 3409 6895 3910 1853 1566 1010 991 1091 1426 1360 7 14 15 29 1 10 227 97 45 26 23 61 11 17 13 42 25 15 31 32 20 64 44 7 21 34 24 19 10 3 7 46 17 8 0 5 5 399 1 65531 6749 3105 2058 35713 1139 1502 2015 34798 1977 1775 2546 7908 2193 33435 9320 229 2341 6037 2072 6470 645 967 457 19179 1509 0 2 2 1 
207 5 151 59 5 261 48 22 12 149 73 51 629 505 62 6466 14134 8160 3584 3303 2261 2157 2333 2828 2710 16 16 43 77 4 29 355 146 119 160 145 115 42 99 39 77 86 94 82 109 52 41 58 9 86 104 121 22 8 26 16 67 29 8 0 7 11 1262 11 59258 6819 19851 32606 58874 2802 31203 4868 47923 6147 19658 6898 6947 27329 20716 3717 754 4863 15114 25338 8249 1520 2194 1526 28373 5615 0 0 0 14 
212 5 223 61 7 169 21 42 4 186 88 85 667 693 65 6553 17022 9732 3639 3341 2584 2647 2820 3169 3586 36 29 28 79 3 20 199 44 91 66 49 24 42 49 28 25 31 52 134 79 150 53 87 7 103 90 88 24 44 16 27 37 12 11 0 2 11 1420 10 6714 13414 13829 12202 7954 5401 8181 4866 5392 4329 13498 31077 19776 66009 19446 11949 663 31699 21957 20652 12143 14586 6472 3504 11659 2822 0 0 0 7 
106 0 56 36 4 42 20 7 2 44 11 32 206 155 18 2119 4719 2647 1399 1215 810 758 832 923 1029 11 53 3 20 1 9 94 28 20 14 16 42 22 6 34 39 10 35 30 21 24 23 19 3 16 36 15 12 7 9 4 36 9 55 0 6 7 274 5 20595 1338 1612 1390 22464 919 897 10302 18029 1013 1747 9460 1967 1159 15212 8532 194 5181 6564 3074 5688 304 751 237 10039 986 1 0 1 6 
12 2 3 4 0 4 3 0 1 6 1 5 12 16 6 237 653 403 197 164 123 103 140 150 160 0 0 1 4 0 2 10 5 7 0 4 1 3 1 3 0 1 3 4 5 6 1 4 4 3 3 3 16 3 1 4 1 1 0 0 0 0 27 1 879 227 227 184 355 121 93 167 745 122 165 176 215 206 529 164 273 204 296 393 8996 75 683 81 164 121 0 0 0 0 
180 5 89 33 9 77 34 16 5 113 31 45 293 291 41 3273 7899 4074 2279 1907 1319 1188 1210 1530 1380 6 14 12 37 3 17 228 103 60 41 46 96 22 42 18 91 17 44 60 60 32 56 26 8 41 40 72 19 9 24 7 32 9 2 0 21 12 519 9 55663 4637 5604 9416 54477 3233 6353 2244 59276 1804 6933 12066 8722 6565 40383 3704 434 12447 8891 19396 11547 1976 1526 500 21583 1807 0 1 0 6 
199 4 363 34 12 203 18 24 9 181 75 104 537 611 69 6506 14664 8774 3289 3639 2074 2042 2173 2647 2794 16 25 34 91 4 13 274 86 54 60 38 78 32 56 69 68 30 41 61 106 31 61 51 6 79 76 123 26 13 62 17 39 14 7 0 24 13 1044 8 33074 5210 8473 4036 39198 2332 3536 35250 33276 2999 9709 7397 10191 4339 21457 6781 820 4352 22417 40290 10967 1071 4045 826 18243 1568 1 1 0 12 
175 4 110 71 8 125 32 12 8 103 27 53 446 427 46 4132 9368 5432 2750 2935 1730 1663 1492 1734 1818 7 26 26 42 1 36 244 114 102 58 32 106 51 28 98 94 29 30 76 81 24 58 29 6 39 77 58 29 15 28 6 57 21 5 0 3 10 633 4 44500 5960 6601 2522 55177 2428 2472 30018 43503 2533 2639 11469 5365 4310 36348 2248 462 14929 11271 21138 10322 823 3034 497 26920 5547 0 1 2 10 
63 1 47 34 5 51 6 7 1 63 31 29 147 174 34 1707 4328 2650 916 987 725 665 825 1052 870 5 10 4 27 1 19 87 22 27 36 35 35 11 19 15 14 11 40 44 32 40 11 23 5 59 66 60 5 11 4 9 12 5 6 0 7 1 337 6 8611 6291 7940 7026 11840 2498 4786 1900 8845 1898 6595 14545 9661 17754 1076 4615 416 15606 21534 13125 1194 3758 1082 1529 2372 2214 0 0 0 3 
40 1 44 17 7 13 22 8 8 27 3 37 35 80 11 697 1872 1132 1415 527 305 322 342 379 362 4 10 1 6 0 40 63 47 35 22 31 78 10 28 14 33 65 19 23 61 20 11 23 3 22 24 25 31 8 7 4 17 13 12 0 13 1 92 0 14288 2120 1694 1520 57556 565 854 1229 19308 1890 1138 1328 2550 1055 5720 931 111 1725 2309 1300 2003 724 398 167 3403 560 0 0 0 2 
43 1 36 10 2 21 2 4 4 29 11 26 96 83 29 983 2317 1375 835 571 408 368 406 488 544 2 2 1 12 2 5 52 30 34 8 10 19 13 10 6 12 10 10 8 20 7 9 9 7 10 21 11 7 5 16 6 8 5 2 0 4 0 131 2 12940 1470 777 1145 10509 615 887 1995 8788 536 795 1422 1450 6764 5593 673 250 938 2117 1506 711 217 980 200 1711 329 0 0 0 3 
45 1 36 9 5 67 6 10 5 36 22 18 131 117 26 1226 2954 1592 885 737 496 508 529 522 590 6 4 7 23 1 8 56 21 18 19 24 10 9 13 19 19 15 9 14 13 13 3 10 9 15 18 13 12 6 1 27 11 6 0 0 15 5 217 2 3217 684 1081 690 1745 345 411 514 6051 458 445 710 897 491 1105 582 146 600 1355 1281 754 291 302 2419 3220 542 0 0 1 2 
307 7 328 88 14 359 55 43 5 307 95 124 1282 786 113 8262 19956 11445 4020 4277 2927 3012 3271 3523 3614 23 24 54 122 2 25 360 132 346 116 152 45 55 263 49 27 178 91 194 163 64 40 98 28 117 149 128 11 27 44 11 19 23 15 0 8 20 2395 11 25295 14298 8359 8798 10784 3355 7463 3386 4358 6069 5672 13749 10263 11887 9305 5336 703 6986 12782 8248 3424 2015 2120 969 3242 2356 7 1 2 25 
87 2 53 16 5 57 3 9 6 56 22 17 186 174 19 2310 5235 2901 1061 1317 604 649 758 980 895 5 2 13 20 1 12 132 52 26 13 13 30 7 13 8 20 6 14 19 22 15 16 13 10 27 9 5 1 4 12 25 40 40 4 0 1 4 495 1 17895 1600 1212 924 12237 459 699 1607 11955 718 1895 2974 2277 1360 5869 675 244 1272 1301 1706 2453 257 606 718 14030 8072 0 0 0 3 
0 0 0 0 0 0 0 0 0 0 0 0 0 1 1 0 2 1 0 0 0 0 1 0 0 0 1 0 1 0 0 0 0 0 0 0 0 0 0 0 1 0 0 0 0 1 0 0 0 0 0 0 0 0 0 0 0 0 0 0 1 0 0 0 1 5 1 0 0 0 0 1 0 0 1 2 1 0 2 1 1 2 1 0 0 0 0 1 1 0 0 0 4 1 
0 0 0 0 0 0 0 0 1 0 0 0 0 0 0 2 0 2 1 0 1 0 1 0 0 0 0 3 0 0 0 1 0 0 0 0 0 0 0 0 0 0 0 0 0 0 0 0 0 0 0 0 0 0 0 0 0 0 1 0 0 0 1 0 2 0 0 0 0 0 0 0 1 0 0 1 4 2 1 1 0 1 1 1 0 1 0 0 0 0 0 3 0 0 
1 0 0 0 0 0 0 0 0 0 0 0 0 1 0 1 0 0 0 0 0 1 0 0 0 3 0 0 1 0 0 0 0 0 0 0 0 0 0 0 0 0 0 1 0 0 0 0 0 0 0 0 0 0 0 0 0 0 0 0 0 0 1 0 1 1 0 2 0 0 0 0 0 0 0 2 1 0 1 0 1 1 1 0 1 0 1 0 0 0 3 0 0 0 
7 0 0 0 0 0 0 1 2 2 0 0 0 0 0 4 23 9 2 6 3 2 1 0 3 1 0 0 1 0 0 2 1 2 2 1 2 1 1 1 1 1 1 3 3 0 1 1 0 3 1 1 0 1 1 0 1 0 0 0 0 0 3 0 8 11 7 6 3 5 3 3 0 2 9 6 10 10 2 1 1 9 13 8 0 0 2 0 3 0 0 0 0 10 
