2045 8 43 54 10 15 0 78 33 51 5 1 2 15 1 67 221 139 98 34 22 27 24 31 33 4 0 4 6 3 31 280 8 3 7 9 7 4 1 5 2 7 8 9 6 20 2 6 16 5 7 6 2 2 1 2 3 3 1 0 1 11 7 1 54 37 57 31 91 18 31 14 13 16 32 33 44 126 28 17 12 29 52 67 11 5 9 25 12 8 0 0 0 6 
2 14 5 4 1 1 0 3 3 1 0 1 1 0 0 3 8 1 2 2 0 0 0 2 0 1 0 0 3 0 0 0 1 1 0 1 2 0 1 0 0 1 0 0 0 0 0 1 0 0 0 1 0 0 1 0 0 0 0 0 0 1 1 0 3 2 2 1 2 0 0 0 0 0 0 1 1 3 2 1 0 1 9 1 0 0 0 0 1 0 0 0 1 0 
57 1 125 65 9 7 3 7 12 20 1 2 2 1 1 120 1993 385 240 102 118 70 115 97 84 0 0 1 2 0 2 34 3 4 4 1 27 2 0 0 0 0 0 1 5 3 1 1 0 4 4 1 1 0 3 0 2 0 0 0 1 8 2 0 17 10 8 8 19 8 7 6 8 8 5 14 20 7 10 11 1 15 12 11 8 1 3 2 11 0 0 0 0 1 
33 3 52 486 72 11 0 5 9 20 3 1 1 10 3 53 144 52 40 35 23 16 17 18 18 1 1 0 2 0 2 32 7 3 5 2 10 1 4 6 3 4 2 5 5 2 3 1 0 13 4 10 5 1 4 0 5 1 0 0 0 10 4 0 25 23 17 17 58 10 16 52 33 10 25 29 32 10 35 11 3 22 14 92 26 2 19 9 20 5 0 1 0 0 
18 1 11 24 46 24 0 2 6 12 1 0 0 0 2 9 27 16 23 17 17 23 26 14 16 0 1 0 0 2 2 9 2 2 1 1 2 1 1 2 1 0 2 0 1 1 2 3 0 2 3 14 0 1 1 2 0 0 0 0 0 65 2 0 15 5 4 8 2 5 2 4 0 7 6 8 6 6 5 7 0 2 9 5 3 4 4 3 2 3 0 0 0 0 
11 0 2 12 9 68 0 7 7 39 2 0 0 1 1 19 55 33 20 12 7 8 13 12 15 0 0 0 1 0 5 12 32 33 23 24 17 10 16 15 7 36 17 24 47 18 2 16 4 22 34 34 9 4 7 0 9 10 0 0 1 9 2 0 243 214 185 173 113 62 91 65 59 282 150 195 393 111 60 113 10 132 186 167 13 26 38 8 35 27 0 0 0 0 
0 0 8 0 0 0 18 1 0 0 0 1 2 5 8 19 19 8 3 4 1 1 2 10 4 0 8 0 1 0 0 2 3 1 0 0 2 1 0 1 1 0 9 6 2 2 2 0 1 1 13 2 0 2 0 0 0 2 4 0 4 0 0 1 13 9 9 20 20 2 14 7 11 5 5 11 13 13 7 6 1 6 266 19 3 7 2 4 5 26 0 0 0 0 
21 5 12 9 11 5 0 43 81 42 0 1 0 1 1 14 82 30 21 14 4 16 5 12 14 6 0 1 0 0 1 12 1 1 1 1 0 2 1 4 5 0 9 64 1 1 8 3 0 5 0 1 1 0 0 0 0 0 0 0 0 6 3 0 6 9 7 6 6 5 5 1 7 3 7 26 11 4 3 4 2 9 6 3 3 1 6 0 5 3 0 0 0 0 
12 1 11 12 9 17 0 20 43 11 3 0 3 2 1 13 43 17 8 10 7 7 5 5 12 3 0 0 7 0 3 10 0 0 1 1 0 0 2 2 0 2 0 0 4 3 6 4 0 0 2 0 0 0 0 3 2 0 0 0 0 9 4 0 12 8 7 3 2 5 3 8 4 4 6 7 7 4 2 3 0 5 11 9 2 1 2 0 4 1 0 1 0 0 
43 2 18 21 13 26 0 23 14 1368 18 0 65 10 53 190 502 293 109 98 71 79 79 121 175 1 1 0 2 0 2 13 13 21 12 7 3 5 6 1 8 8 8 21 9 3 1 5 0 3 11 5 9 4 3 0 3 1 0 0 0 18 6 0 65 82 74 45 28 22 50 32 25 59 53 93 100 43 22 56 5 65 84 49 16 18 21 5 23 5 1 0 0 8 
6 0 4 0 0 0 0 0 4 10 158 0 64 4 6 52 193 118 39 38 28 43 32 32 51 1 0 0 4 0 3 2 9 3 3 13 3 1 3 0 1 3 7 15 10 2 3 3 0 2 3 4 1 3 0 1 0 3 0 0 0 1 4 0 61 58 43 43 28 16 30 20 18 53 48 56 85 34 10 32 2 31 62 52 6 9 12 4 12 11 0 0 1 0 
2 0 3 0 0 0 0 0 3 2 1 114 3 115 6 54 182 87 63 15 22 17 22 31 37 2 6 1 3 0 0 4 11 4 4 2 3 5 2 8 7 5 2 14 8 2 2 6 0 3 6 8 1 0 3 0 1 0 9 0 8 11 0 0 72 58 33 53 35 41 41 51 41 72 103 83 94 30 31 42 6 44 70 42 22 41 9 3 24 9 0 0 0 0 
4 0 5 1 0 0 0 2 7 46 28 4 300 20 5 778 1693 871 243 258 191 189 215 345 625 0 4 3 18 1 2 9 43 87 55 39 22 20 36 18 13 53 22 81 74 30 25 33 2 41 50 54 8 8 18 15 21 6 4 0 1 0 13 0 500 723 490 373 327 195 317 222 154 333 303 593 646 246 208 380 31 317 438 343 131 62 129 139 111 73 0 0 0 1 
13 0 4 8 0 2 1 1 1 15 7 120 43 2009 58 551 1658 623 265 140 182 174 136 209 450 3 12 8 6 0 7 6 32 39 66 25 18 15 23 18 8 26 15 31 32 12 14 17 0 13 33 26 5 5 10 8 12 6 1 0 2 1 8 1 279 352 805 256 165 131 169 184 113 200 157 314 396 170 119 226 16 225 340 223 44 81 113 70 71 36 0 0 0 2 
5 1 2 0 0 1 3 2 1 82 2 7 6 35 184 285 809 362 167 86 79 79 64 281 694 2 2 4 3 0 4 5 2 1 4 4 5 3 3 3 1 6 6 4 2 2 0 5 0 3 5 4 0 0 4 1 0 1 0 0 1 0 1 0 44 55 38 46 15 15 20 25 11 43 26 45 61 22 21 27 2 27 53 26 14 4 10 6 15 8 0 1 0 0 
127 1 29 39 29 7 5 6 18 149 52 41 387 411 470 79582 62605 50952 44884 43525 45419 44489 45119 43884 41919 6 4 4 22 0 16 63 77 60 50 53 37 33 32 26 18 61 46 78 86 90 26 41 7 81 64 50 26 31 30 19 22 14 1 0 1 6 92 9 959 728 866 679 450 425 457 396 300 594 580 971 1087 1759 453 632 108 1178 1064 731 335 428 506 327 352 260 1 3 0 3 
313 3 39 42 9 24 4 5 16 224 70 64 477 679 739 77274 77145 108720 54119 51391 46401 42188 40548 44989 121945 27 7 7 29 3 41 144 138 110 99 83 108 45 77 35 19 81 61 121 114 119 44 58 24 73 104 105 17 19 27 18 27 17 1 0 5 8 161 46 1696 1205 1281 1099 1527 567 760 476 396 822 837 1377 1381 1807 571 622 237 905 1535 1230 215 300 372 263 356 277 1 0 0 3 
148 1 47 25 6 12 4 10 8 182 66 65 463 557 760 85454 63893 57333 69205 44260 60393 38194 35817 38326 35011 13 3 3 31 3 28 103 108 145 93 99 38 60 67 56 28 68 129 121 123 67 40 58 20 74 98 69 41 16 47 46 30 23 2 0 7 1 146 14 1327 1639 1221 1268 664 654 767 678 359 874 2100 1168 1499 889 511 735 181 862 1366 968 522 269 573 594 442 267 0 2 1 10 
207 1 56 54 9 10 5 8 11 202 57 59 343 469 374 43004 43798 38549 36387 31759 27436 27684 24035 24942 24064 33 9 9 28 2 29 82 123 81 87 93 53 34 51 37 29 76 69 197 122 121 14 48 12 224 110 111 28 38 32 32 92 32 3 0 6 6 119 7 1416 985 1051 1201 816 477 587 523 417 806 793 1521 1358 1509 333 622 196 2727 1278 1223 263 387 416 401 997 353 0 0 0 5 
115 1 28 62 5 7 3 5 15 175 37 44 355 302 393 31758 35147 33471 29165 30874 33795 26013 25022 26098 23737 21 1 1 13 2 56 62 123 94 72 76 429 43 88 54 24 93 70 470 196 91 12 41 19 69 100 93 158 20 32 23 56 14 1 0 3 7 142 4 1367 1006 911 1029 6129 624 772 650 392 1123 962 4480 2579 1141 303 626 182 1126 1305 949 1855 307 387 289 783 261 0 0 1 6 
134 3 30 29 26 19 0 5 7 158 59 29 322 304 383 34337 35017 35979 29109 29071 34283 35153 24978 27619 26312 9 5 2 16 3 10 66 129 54 65 44 40 20 42 36 30 71 37 62 69 35 17 34 18 60 65 78 18 14 20 20 36 10 1 0 5 16 112 3 1221 762 742 651 560 355 471 464 316 741 640 658 905 479 274 495 147 628 832 927 185 239 270 244 307 225 0 0 0 4 
83 1 13 13 9 11 5 4 7 144 61 42 271 267 395 29807 31853 29175 25820 24287 26323 33333 25565 25957 34359 11 7 12 13 2 3 41 90 42 37 50 20 27 28 16 20 71 35 54 54 30 18 36 5 31 40 46 28 20 14 13 31 10 2 0 9 21 79 4 875 562 530 534 399 329 331 371 252 580 470 512 734 417 255 402 118 527 612 599 150 217 202 234 319 169 0 1 0 1 
103 2 15 27 3 8 25 4 10 138 42 36 277 279 386 28881 31295 27953 23254 24669 24798 23966 34758 32044 26441 3 1 2 11 2 21 42 90 57 42 62 40 25 34 38 17 56 41 51 64 37 20 25 14 41 53 43 15 23 26 20 26 14 1 0 4 6 84 1 1078 701 626 621 473 343 436 373 263 654 501 546 786 469 286 414 149 521 665 559 246 229 249 256 328 209 1 0 0 4 
105 1 10 15 7 8 3 3 7 169 39 31 250 251 451 32116 33452 31553 26455 27411 29444 29057 31890 39786 37334 5 3 3 19 0 5 55 79 39 52 40 36 34 22 21 19 43 27 52 65 29 24 35 17 42 45 41 20 15 18 21 23 14 0 0 9 6 89 2 973 641 555 530 517 323 367 362 341 624 530 487 770 456 258 403 114 506 676 631 257 199 246 180 279 192 0 1 1 1 
86 0 18 16 8 3 9 6 8 228 79 41 284 277 349 38559 39122 34661 29155 27888 29463 30824 31453 44500 52894 5 7 2 13 2 16 43 71 49 42 46 30 26 40 18 19 53 33 50 60 42 21 27 12 47 34 54 9 20 18 18 23 15 5 0 2 8 89 7 901 645 598 512 484 297 363 344 329 636 552 561 770 423 378 397 149 480 681 535 172 199 234 239 267 197 0 0 2 4 
1 1 1 0 1 1 1 7 97 15 0 1 11 2 5 6 48 19 8 1 3 5 2 6 4 12 1 0 0 1 1 5 1 1 0 21 2 0 2 0 1 2 0 3 2 4 1 16 1 0 1 0 1 2 2 6 0 0 0 0 12 0 1 0 3 7 4 6 0 2 0 2 1 8 5 4 8 0 4 7 0 2 1 0 4 1 0 2 2 0 0 1 2 0 
1 0 0 0 0 0 17 0 9 0 0 8 4 12 9 11 36 14 8 6 1 8 1 7 9 3 56 1 0 0 1 1 0 0 0 0 2 3 0 0 2 2 1 4 1 1 8 2 0 0 3 3 1 1 1 0 2 1 11 0 8 0 0 0 31 32 5 18 60 35 11 25 74 21 36 64 7 6 30 52 1 4 22 10 10 10 4 1 55 3 0 0 1 0 
1 0 3 0 0 1 2 0 0 0 1 1 0 2 8 3 5 3 506 2 0 0 0 1 0 0 0 11 0 11 0 0 0 0 0 0 0 0 1 0 0 1 1 1 1 0 0 1 0 2 1 0 0 2 0 1 0 0 0 0 0 0 0 0 4 2 1 0 2 0 1 1 2 0 2 1 1 4 11 0 0 1 2 0 1 0 1 2 0 3 0 1 0 0 
5 1 6 4 4 2 2 5 28 2 3 5 23 2 6 43 228 82 28 29 21 22 18 25 54 0 2 4 64 5 3 0 2 3 2 6 2 2 3 4 2 2 7 12 6 2 1 8 0 3 6 2 1 2 2 1 1 0 6 0 48 0 0 1 39 70 34 35 21 22 24 42 15 31 31 110 77 29 28 38 1 21 57 24 13 10 9 6 35 1 0 0 1 0 
1 0 0 0 1 0 0 0 1 0 1 0 0 1 1 3 14 3 7 0 3 2 0 0 0 1 0 4 1 15 5 0 0 0 0 0 1 0 0 0 0 0 0 1 0 0 0 0 0 0 0 0 0 0 0 0 0 1 0 0 0 0 0 0 2 0 1 1 1 0 1 0 1 1 1 0 0 2 1 1 0 1 0 2 1 0 1 0 0 0 0 1 0 0 
44 1 2 1 1 0 0 0 1 7 3 0 0 8 0 19 76 22 6 14 9 9 11 10 20 3 0 1 3 7 255 0 1 0 2 1 1 1 1 0 1 2 1 2 4 2 1 0 0 0 1 1 0 0 0 0 0 2 0 0 0 0 3 0 10 7 9 5 6 3 4 4 6 4 6 5 4 7 9 3 0 3 7 1 0 1 3 7 6 1 0 0 0 2 
86 1 216 84 18 11 2 11 29 35 6 1 10 22 2 228 990 476 162 119 110 98 96 124 171 5 1 2 5 1 4 241 20 16 17 16 5 9 10 20 4 20 16 24 29 45 5 10 10 29 27 13 8 5 32 3 8 3 0 0 0 11 28 0 92 150 121 126 58 38 72 166 57 86 98 190 241 477 26 93 14 250 192 126 39 33 59 16 87 44 1 1 0 7 
109 3 44 20 1 17 5 3 5 42 6 15 59 166 9 1174 3660 1670 623 519 401 425 424 519 565 3 1 2 7 3 8 42 748 1680 1482 1659 891 353 806 1833 1118 457 911 2960 2465 8859 237 610 160 4172 2940 1946 408 531 595 225 2031 644 2 0 1 2 157 3 42 80 58 66 29 26 41 32 53 18 60 212 131 402 19 54 15 166 133 66 49 37 24 15 51 32 0 1 0 4 
22 0 8 4 1 2 1 1 1 5 3 2 14 41 2 133 316 150 117 73 64 56 45 45 53 0 2 0 3 0 2 17 1928 336 148 87 1684 79 63 102 789 84 65 579 80 95 2125 42 10 599 144 47 698 23 37 17 720 48 0 0 1 1 9 0 396 15 16 7 358 13 3 8 171 6 5 127 13 9 391 8 4 179 9 9 196 3 9 5 30 3 0 0 0 1 
20 0 9 4 3 4 1 1 0 19 3 10 10 51 3 156 377 171 144 84 68 68 44 66 78 0 1 1 4 1 2 25 2090 106 315 91 1389 58 62 2093 953 93 825 283 112 51 1401 69 10 408 169 200 463 51 49 43 161 28 0 0 2 1 19 0 266 9 18 7 114 8 6 294 66 15 24 49 14 8 212 5 2 83 17 13 54 6 3 7 19 5 0 0 0 3 
30 0 15 4 2 5 1 2 3 13 6 1 13 48 2 180 539 227 152 147 76 81 77 82 69 2 1 0 1 0 1 26 2269 162 148 319 1468 79 128 116 1265 155 85 180 193 101 1572 101 17 613 385 98 340 47 86 40 686 120 0 0 1 1 28 0 290 14 13 12 182 12 14 10 152 9 3 10 14 13 242 10 2 97 20 12 83 5 8 3 38 8 0 0 1 0 
145 3 61 25 4 14 4 3 4 49 4 7 56 106 6 976 2681 1318 532 540 382 337 350 395 419 4 8 3 9 2 9 38 1851 797 889 1524 2824 320 569 392 729 575 547 6064 1654 4338 436 522 69 10202 3676 2538 343 815 530 524 3601 616 0 0 1 0 116 4 58 30 48 56 49 25 22 17 29 26 31 201 109 136 12 32 6 250 74 68 22 94 17 14 120 26 0 0 1 8 
8 0 6 2 0 1 0 1 0 5 2 5 5 25 1 47 130 66 58 69 28 24 20 23 27 2 1 0 4 1 2 15 692 48 94 40 520 265 72 37 470 25 27 326 52 32 385 22 8 322 81 61 221 17 24 19 142 8 2 0 4 0 8 0 159 5 8 17 69 10 7 10 100 3 4 77 11 5 80 10 1 75 9 6 51 11 3 4 11 2 0 0 0 1 
11 0 6 8 0 4 0 0 3 6 1 3 8 46 0 113 303 165 88 58 63 48 52 49 67 2 1 2 1 0 2 12 1030 143 85 90 1122 56 307 293 1247 55 63 212 120 90 721 48 10 512 225 112 771 25 41 12 250 65 0 0 1 1 13 1 111 9 6 13 93 8 6 22 276 9 4 26 15 12 158 9 4 103 9 11 136 4 8 3 22 5 0 0 0 1 
36 0 13 7 1 6 3 1 3 18 3 2 22 28 2 299 786 395 191 164 108 106 125 133 149 0 3 2 5 2 2 23 2734 189 86 112 2048 72 104 142 1914 78 98 129 165 171 1281 102 23 180 239 262 406 21 71 24 464 26 0 0 2 1 29 0 197 6 6 12 146 10 8 12 135 4 6 12 15 7 177 7 2 5 7 22 59 8 12 7 23 6 0 0 0 0 
22 1 18 12 3 5 2 2 3 37 2 6 27 52 1 355 1028 446 264 140 128 121 130 167 160 3 0 1 4 1 2 13 2951 337 2341 1103 7227 510 790 94 511 158 765 1753 987 6626 1263 383 153 1429 3135 3393 167 367 55 229 254 455 1 0 0 3 56 3 57 22 74 32 119 9 18 4 7 8 35 40 32 205 24 17 2 59 104 123 11 23 2 9 6 13 0 0 1 3 
7 0 9 4 0 5 0 0 1 6 0 5 6 26 1 85 183 90 58 58 36 19 34 42 35 3 3 0 2 0 1 17 1190 110 131 73 475 33 54 120 252 203 85 79 153 56 905 61 7 267 101 56 405 24 28 11 35 13 0 0 0 0 5 0 310 9 7 8 199 1 4 7 39 8 12 4 13 11 218 11 5 48 10 7 113 10 3 4 4 8 0 0 0 0 
43 1 8 10 2 4 0 1 9 19 2 2 13 33 3 188 595 283 158 122 83 85 100 102 95 0 1 0 7 1 5 21 1532 158 114 101 1333 64 88 164 1632 95 204 348 201 147 723 83 17 141 512 118 327 22 74 27 772 86 0 0 0 2 28 1 255 15 13 11 151 4 6 21 192 7 16 18 18 44 82 13 4 40 21 7 43 4 12 6 40 3 2 0 0 2 
25 0 18 10 0 5 2 0 32 23 4 8 19 72 1 401 984 463 286 192 131 131 133 165 159 4 2 1 4 3 5 35 3296 236 194 716 4756 174 145 109 3850 140 190 2319 287 85 2940 132 30 139 535 274 947 126 94 22 1825 163 0 0 0 0 46 1 278 18 14 25 355 12 6 10 380 6 21 41 21 14 414 12 2 13 28 12 158 9 4 5 152 19 0 0 0 1 
21 0 9 7 0 7 0 1 3 14 0 5 11 84 3 123 360 199 145 83 70 58 57 64 65 0 0 5 2 4 1 28 3861 495 230 79 2350 53 106 91 1623 111 76 96 391 118 1515 272 11 95 261 86 297 44 54 36 598 53 1 0 0 0 28 0 676 20 40 11 366 6 10 8 243 9 9 9 25 13 262 16 5 16 15 13 77 1 7 10 76 13 0 0 0 0 
62 1 38 21 1 7 4 4 7 24 4 15 33 86 4 695 1897 871 420 286 252 235 242 259 342 3 6 1 15 1 1 32 4565 372 774 2027 3410 115 1953 369 2815 343 500 296 334 1493 1368 163 35 211 895 1552 369 86 101 76 829 274 4 0 6 3 88 0 235 22 37 79 185 14 67 25 224 22 19 23 24 31 136 12 5 19 33 40 51 9 9 10 24 14 0 0 0 5 
57 0 30 15 3 5 2 3 4 23 4 3 27 83 8 487 1733 761 292 214 213 218 232 255 255 2 1 0 2 2 7 14 392 483 862 641 483 336 654 317 396 186 497 1719 1250 6089 1603 625 26 2683 1930 946 844 889 900 265 1336 151 1 0 0 4 87 0 17 17 35 19 24 42 19 25 12 10 26 80 42 190 44 25 2 91 74 31 36 35 43 11 14 15 0 2 0 2 
17 1 6 8 0 5 1 0 3 5 1 1 6 61 1 101 240 109 80 64 31 39 45 37 34 0 2 2 1 2 2 9 1022 49 56 61 888 38 42 392 933 46 32 222 76 51 890 265 11 222 237 85 292 13 22 13 395 34 1 0 0 1 15 0 202 10 6 12 133 3 7 56 141 3 24 35 9 12 164 15 5 55 13 10 61 6 10 1 24 6 0 0 0 0 
7 0 3 0 1 0 0 0 0 1 0 0 1 2 1 17 53 22 9 9 9 13 15 11 6 0 0 0 1 0 0 4 51 7 11 8 17 5 9 9 11 9 11 10 35 11 34 7 48 12 18 31 495 8 63 4 6 7 0 0 0 0 3 0 4 5 4 2 2 5 2 5 4 2 3 1 5 3 3 5 6 4 3 5 78 1 13 3 4 2 0 0 0 0 
52 1 35 13 3 8 4 2 4 30 3 2 32 80 3 388 1160 578 298 245 177 175 165 169 195 3 1 1 2 1 3 26 3420 367 387 973 2899 139 286 155 3292 126 241 627 462 367 2364 232 33 671 1007 1173 591 94 86 51 845 183 0 0 1 0 75 3 268 31 19 47 180 10 18 21 160 14 8 25 27 24 391 16 4 17 42 41 136 8 9 7 58 9 0 0 1 0 
69 3 63 11 1 11 0 2 6 40 4 2 27 105 10 549 1753 862 373 331 236 202 251 278 242 2 0 2 4 0 3 25 1868 348 437 233 1784 106 221 1760 1476 176 347 352 496 135 1319 294 63 232 1612 2405 527 49 219 107 452 76 0 0 0 3 66 1 226 22 48 15 161 11 12 209 119 14 44 31 71 24 142 74 6 14 55 260 91 7 19 8 20 6 0 1 0 2 
37 0 19 8 0 4 0 1 4 12 2 8 24 59 2 244 710 346 210 155 120 111 87 116 119 0 0 2 3 2 2 43 3908 192 278 152 2755 82 110 1194 1835 98 155 332 210 221 2706 119 73 714 607 874 493 40 120 45 1770 303 2 0 0 4 46 2 278 20 16 13 158 2 12 135 187 11 16 14 20 15 201 11 12 90 19 16 60 25 23 9 97 17 0 0 0 0 
23 0 3 6 2 2 1 2 0 12 2 1 7 17 1 66 246 177 60 61 42 29 39 51 43 0 1 1 2 0 3 8 700 245 444 292 699 97 294 89 676 86 228 686 445 986 54 356 12 988 1157 771 82 232 33 70 152 114 1 0 1 0 17 0 16 13 19 15 13 5 9 8 18 5 12 21 19 35 2 30 2 31 48 34 3 17 8 5 7 3 0 0 0 0 
4 0 3 3 0 1 2 0 1 9 2 3 4 16 0 14 93 61 62 28 27 18 19 27 22 1 1 0 0 1 2 5 683 45 38 26 1445 21 29 34 752 25 19 31 33 21 152 28 6 58 59 28 44 36 19 8 72 17 0 0 0 0 11 0 75 7 9 5 58 4 1 3 71 3 4 5 6 4 28 7 4 5 4 8 12 3 3 4 5 5 0 0 0 0 
9 1 3 2 0 0 0 0 2 3 1 0 0 14 1 70 114 40 41 38 20 15 18 22 17 0 0 1 3 0 0 9 676 57 24 31 455 15 40 87 434 16 38 40 14 212 517 16 23 48 91 26 31 10 73 10 46 10 0 0 0 0 1 0 119 5 2 8 43 1 2 27 93 8 7 4 2 3 128 7 3 15 6 7 11 2 5 5 9 5 0 0 0 0 
12 0 2 1 0 2 0 2 1 6 0 0 2 13 0 56 169 73 97 40 21 28 36 34 25 2 0 0 0 0 2 2 110 23 72 44 74 11 10 13 162 24 13 28 27 14 65 23 6 20 55 36 33 19 10 276 233 32 0 0 1 1 11 0 16 9 5 6 8 4 7 8 20 2 3 1 9 2 12 6 2 7 12 9 8 3 5 29 7 8 0 0 0 0 
149 1 73 25 8 17 5 4 7 61 5 14 97 103 6 1342 3879 1865 705 624 527 576 576 560 657 4 3 5 9 2 6 39 1757 1105 502 544 496 243 571 218 169 421 342 834 660 1028 910 395 49 419 1030 443 204 107 155 93 335 177 1 0 2 3 180 4 92 45 21 23 32 12 15 16 18 19 13 25 29 22 239 13 2 14 30 21 30 7 13 10 7 8 0 0 0 5 
19 1 9 0 1 1 0 1 1 10 2 0 11 18 1 144 382 205 97 89 55 47 50 60 74 0 0 1 1 0 2 9 658 40 25 26 354 10 29 49 289 25 62 114 67 22 290 22 10 31 53 59 86 15 20 52 351 411 0 0 0 0 21 0 78 8 10 5 47 8 3 7 39 7 6 7 11 1 32 2 2 4 7 10 10 0 1 7 10 30 0 0 0 1 
0 0 1 0 0 0 4 0 0 1 0 5 0 1 1 8 12 3 0 2 1 8 3 5 5 3 7 1 7 0 0 0 0 1 0 1 0 0 1 2 1 1 0 1 1 0 0 2 0 0 1 1 1 2 0 0 1 0 18 0 39 1 0 0 8 14 4 4 18 5 6 27 16 1 12 21 4 4 16 20 0 3 4 4 13 16 2 3 5 2 0 0 0 0 
0 0 0 0 0 0 0 0 0 0 0 0 0 0 0 0 0 0 0 0 0 0 0 0 0 0 0 0 0 0 0 0 0 0 0 0 0 0 0 0 0 0 0 0 0 0 0 0 0 0 0 0 0 0 0 0 0 0 0 0 0 0 0 0 0 0 0 0 0 0 0 0 0 0 0 0 0 0 0 0 0 0 0 0 0 0 0 0 0 0 0 0 0 0 
2 0 0 0 0 0 6 1 0 1 0 12 2 2 0 13 20 6 4 5 1 3 5 3 5 0 9 0 5 0 0 4 1 0 0 1 0 1 0 4 1 0 1 1 0 3 1 0 0 0 0 1 0 1 0 0 0 0 22 0 22 4 0 0 5 13 1 21 6 7 10 25 7 15 20 8 7 8 9 6 3 3 5 6 15 17 3 2 29 0 0 0 0 0 
16 0 6 6 19 19 0 6 13 8 0 6 3 1 0 7 17 13 3 4 5 8 3 4 5 0 1 0 1 1 0 5 0 5 1 0 0 0 1 0 0 4 2 3 1 1 0 1 0 3 2 3 1 0 0 0 9 0 1 0 2 58 19 0 3 4 4 5 2 5 4 9 3 6 5 0 5 6 9 1 0 1 6 3 3 1 1 1 2 3 0 0 0 0 
25 2 17 8 2 1 0 5 7 15 12 1 11 16 2 1709 4167 2036 510 439 352 407 332 460 810 7 0 5 1 1 12 30 76 101 74 53 26 26 63 42 18 40 32 79 88 42 14 50 7 48 91 56 17 20 24 6 23 12 0 0 0 9 243 1 655 867 657 471 312 275 494 263 220 462 458 816 943 378 225 493 56 496 722 478 107 132 157 94 182 112 0 0 0 0 
1 0 0 0 0 0 0 0 0 1 2 0 0 0 1 7 54 8 6 5 3 1 3 9 5 1 0 0 1 0 0 0 0 0 0 0 0 0 0 0 2 0 0 0 1 0 0 1 0 0 0 0 0 0 1 0 0 0 0 0 0 0 0 21 2 1 1 4 4 2 1 6 1 0 0 2 2 1 2 3 0 2 17 5 1 0 2 0 3 1 0 0 0 1 
928 6 494 204 23 246 72 44 49 640 154 167 1088 1924 150 14319 39087 20408 7847 6680 5707 5620 6237 7252 8004 46 51 76 150 9 84 486 93 190 106 117 40 53 94 109 36 72 109 160 183 183 28 84 41 197 161 119 16 38 43 41 45 38 15 0 22 17 2720 26 12781 25917 23549 26293 11281 6353 14451 23779 20343 8610 17826 49994 39993 125575 4802 12271 2312 66018 41954 33495 7734 8820 9413 4394 26678 9499 1 4 1 32 
109 2 54 18 1 17 6 11 5 67 11 45 103 327 14 1807 3687 1854 1261 1040 698 586 700 823 858 2 32 12 49 0 11 112 19 14 12 9 17 6 8 3 15 8 10 28 14 11 16 11 3 17 2 10 28 0 4 4 18 3 10 0 7 2 102 4 29904 4897 1841 1185 26792 1408 1047 1735 12944 1048 923 7983 1514 1180 28476 585 151 9563 2873 876 12469 382 507 286 9452 768 0 1 0 4 
162 1 84 24 5 21 4 2 5 77 14 32 115 404 39 1917 4404 2294 1568 1165 860 725 797 988 1046 8 8 11 23 3 10 132 45 20 9 14 33 8 15 31 11 7 21 10 18 11 16 6 2 18 13 12 7 7 13 14 9 5 3 0 13 3 206 2 32022 1612 4388 1506 18316 833 971 34869 12561 1404 13667 4983 2002 860 22638 1102 208 6445 2966 3008 7969 663 622 547 2725 701 0 1 0 4 
198 1 81 61 9 39 19 4 9 107 29 51 164 387 17 2495 6034 3142 1845 1665 1172 977 1171 1220 1224 4 15 14 36 6 31 151 75 45 13 28 21 31 26 22 15 16 31 41 35 13 29 24 8 32 33 24 16 8 10 4 29 11 11 0 41 12 358 7 33874 2455 2381 4933 24931 1528 2299 2452 19384 2463 1574 3200 3253 1761 23902 1454 216 8514 5876 1705 6696 649 1634 516 9730 1693 0 0 0 12 
1029 13 560 249 17 266 129 55 42 625 97 164 1133 1537 119 12665 32500 17758 7839 7635 5339 5117 5602 6184 6512 63 80 106 154 12 177 418 170 240 146 177 96 60 138 112 51 200 101 300 280 146 46 143 33 322 227 185 50 35 57 41 142 52 11 0 9 26 2317 50 29119 14274 14674 23164 40519 5948 9691 6915 12619 8647 10947 75249 24490 66922 7185 9175 1291 144569 50098 38611 4949 12280 8027 7615 46343 8157 1 2 3 50 
66 1 24 9 1 10 5 0 6 37 3 23 51 208 8 740 1865 980 613 670 371 330 394 431 404 1 6 4 14 2 10 40 15 7 3 10 8 12 10 9 4 8 4 6 9 9 3 4 3 17 3 8 12 2 12 0 4 1 0 0 8 2 71 0 11984 721 1250 769 8132 4594 870 653 9300 474 489 4997 968 478 6732 353 92 5582 1224 1189 4110 268 343 296 2397 178 1 0 0 3 
141 5 48 37 6 28 9 3 5 62 12 43 163 268 15 1869 4522 2508 1244 990 728 672 755 975 895 3 25 5 15 4 11 83 24 18 16 17 27 4 12 17 9 11 9 17 19 12 28 9 4 15 18 13 8 8 9 7 10 8 9 0 23 3 245 4 18125 1729 1221 1379 17964 824 4218 4809 17073 916 1348 4246 1768 2055 11765 986 218 8064 4075 1866 9855 454 989 278 3746 1019 0 0 1 6 
360 1 134 55 8 65 22 14 15 173 27 53 276 469 37 3804 9327 5233 2706 2224 1566 1515 1775 2008 1944 6 32 18 45 2 31 260 66 47 34 27 27 13 26 15 32 24 15 33 34 35 19 20 7 29 32 24 11 7 7 8 21 6 6 0 17 9 592 17 41691 3034 2117 1739 32880 1175 1667 2324 28962 1601 2206 3033 3251 3132 21218 1543 319 3284 3599 4417 8437 586 1161 438 7164 640 1 2 1 13 
400 4 164 102 7 78 28 20 28 257 62 71 607 672 51 5588 14563 7239 3447 2554 2108 2038 2303 3083 3366 16 36 50 60 5 26 249 80 80 74 33 159 28 54 14 65 29 50 103 66 169 25 45 12 51 106 101 8 15 8 25 8 25 12 0 9 16 921 12 37503 6755 32056 16949 96058 6230 12169 2192 7878 3598 14707 29400 16859 95100 16062 7288 1955 22182 45477 43622 3481 5658 1606 4070 3930 7728 0 1 1 17 
57 1 18 11 3 16 4 1 2 37 6 30 33 178 8 872 1997 1039 635 531 497 308 389 409 438 0 5 1 6 0 6 45 19 7 8 6 6 4 4 2 2 6 9 2 9 3 12 2 2 6 4 4 7 0 3 1 6 2 3 0 0 1 55 1 19006 1354 1765 1270 10577 590 759 2167 4438 2205 1661 1264 2022 1025 14841 1013 131 3033 1497 893 6134 512 619 182 433 249 0 0 1 1 
301 7 102 52 7 60 30 8 21 139 20 85 266 433 24 2731 7427 3865 1979 1757 1349 1325 1489 1859 1678 10 54 20 37 4 25 186 49 29 16 31 33 26 14 21 40 15 17 32 30 12 35 21 6 27 35 16 10 6 14 10 33 11 14 0 43 7 477 4 28978 2388 1948 1902 23219 1035 1211 2795 27238 1590 3715 5275 3244 2380 14134 1517 208 2904 7475 2131 6712 443 1269 412 11376 1253 1 0 0 17 
294 6 195 60 5 79 24 13 18 208 43 108 354 671 46 4875 11416 6057 3363 2596 1798 1710 1912 2196 2271 12 100 22 51 4 26 281 95 52 25 59 73 25 26 24 39 16 29 35 33 13 35 19 5 37 34 18 13 6 16 10 40 11 15 0 16 17 934 8 49612 4087 3519 8700 71750 2881 2457 2316 52724 2269 3673 31590 4887 1823 42362 2730 520 2371 8840 4121 16416 2301 1403 505 24953 2391 1 0 0 19 
189 1 40 28 2 31 7 8 11 108 23 84 117 532 27 2146 5510 2813 1943 1375 959 832 954 1214 1068 3 15 13 18 4 19 195 61 25 11 13 48 5 13 8 30 7 9 20 24 23 39 17 4 12 17 24 14 11 6 3 16 7 6 0 2 7 295 3 61081 6616 3435 1712 34492 1027 1617 1807 26871 1690 1567 1819 6487 2180 24662 4643 215 1904 4775 1719 6038 754 1067 655 9364 1084 0 0 0 7 
593 7 296 111 12 177 60 24 31 336 79 97 637 1035 60 9648 22059 11896 5371 4550 3577 3457 3890 4397 4528 23 20 80 104 4 73 522 164 143 73 121 93 51 115 54 49 94 65 102 104 45 40 52 19 95 105 107 11 22 45 22 30 27 8 0 7 15 1399 26 60163 6596 11850 29759 48568 2317 31979 7139 39984 6086 10060 6077 6234 20592 21399 3177 625 4558 15043 20038 6752 1387 2103 1308 11730 4833 1 3 1 19 
581 10 244 127 11 65 44 33 42 342 69 109 520 1089 91 6815 19910 10189 4061 3321 2942 3121 3492 3689 4250 35 41 31 72 7 67 206 52 58 42 56 21 34 43 39 19 50 47 86 104 113 48 49 8 87 81 66 15 22 24 28 24 16 15 0 16 21 1334 12 6461 9506 13784 10301 7959 5736 10567 5567 6651 3704 9373 26027 19744 78586 25253 10376 482 38844 26270 16365 15080 13820 13839 5453 14637 3048 0 0 3 27 
148 1 38 25 3 9 10 1 4 69 13 28 81 268 21 1407 3205 1615 1006 780 548 536 573 619 722 4 25 4 21 0 17 71 17 7 4 9 12 8 7 13 12 12 5 8 13 18 18 10 4 8 14 11 9 1 1 6 10 1 31 0 5 5 114 2 18016 775 1034 880 14654 550 651 5275 14735 671 838 4372 1066 739 15809 4244 199 4319 4080 1784 5828 284 537 271 5255 504 0 0 0 2 
15 0 3 3 4 1 1 3 0 4 1 6 14 32 2 195 562 364 174 114 108 97 117 131 149 1 1 1 1 0 2 6 2 1 6 3 1 2 2 1 1 1 1 2 0 2 4 3 4 2 2 3 4 2 1 2 1 3 1 0 3 1 19 0 665 191 165 137 294 92 103 178 447 98 127 136 360 174 684 201 412 175 236 467 5906 95 628 86 152 127 0 0 0 1 
421 7 222 99 12 78 57 18 15 237 50 64 460 840 64 5428 13677 7252 3841 3514 2596 2361 2507 2748 2762 11 17 34 56 4 45 300 113 87 47 69 52 31 75 39 39 46 38 54 76 32 46 65 5 50 79 58 25 9 20 18 36 16 8 0 23 5 969 10 51038 6377 6243 13233 40795 2897 5065 2742 45049 2566 4716 10615 6872 6510 39027 3759 515 9692 15396 16801 12203 1868 1687 807 12126 2370 1 1 0 14 
681 4 605 103 14 157 41 21 26 398 63 114 471 1176 67 7856 21257 11368 5090 5171 3429 3265 3537 4003 4051 29 34 54 106 6 76 312 84 87 53 33 55 31 93 60 36 33 30 75 66 19 22 47 9 77 49 77 20 13 30 28 23 7 8 0 24 14 1268 23 31284 5451 7946 4162 26516 2445 4029 28771 21837 2639 8315 6214 9080 3380 19334 5881 772 4267 21721 33861 9695 1166 3625 1344 7453 1553 1 1 0 18 
342 0 136 79 8 74 26 9 8 176 28 46 316 594 38 4080 9485 4892 2742 2478 1714 1687 1676 1970 1947 12 21 27 33 3 46 313 110 41 29 35 57 28 29 52 22 26 25 49 44 30 61 23 14 43 52 40 17 3 21 10 53 21 14 0 4 8 602 8 50963 3337 4355 2429 39543 1461 1960 18249 28082 2747 2689 4995 3628 3187 36551 1846 833 11966 10418 13027 8141 913 2217 721 20546 5255 0 0 2 13 
149 1 34 48 4 23 8 5 11 72 13 35 106 204 18 1114 3514 2318 772 782 605 544 688 869 797 8 21 9 17 3 28 67 24 21 16 14 18 14 14 11 7 21 21 25 24 23 1 15 1 28 40 30 6 8 3 3 6 8 11 0 10 3 194 6 8706 4633 7062 5341 9328 1979 5154 1893 9075 1555 4870 12563 9104 18248 1070 5603 300 15836 19108 12356 1597 3966 716 1644 2510 2306 0 0 1 4 
48 1 16 9 3 2 36 0 7 29 2 43 70 146 8 420 1295 621 601 324 225 243 269 368 339 2 8 2 11 1 11 32 13 3 0 2 18 8 6 8 8 9 6 6 8 5 6 4 3 10 5 6 11 4 3 3 4 3 15 0 16 1 106 2 10328 697 602 507 20847 278 381 597 11926 390 344 604 681 481 2906 404 77 1021 1370 413 780 548 263 154 1414 335 0 0 1 1 
72 2 17 8 2 3 2 3 5 25 3 13 22 112 30 875 1531 801 583 434 267 224 296 328 307 1 5 5 11 1 8 40 17 9 2 4 16 4 4 5 7 1 8 5 7 9 14 2 4 10 6 3 4 1 7 1 13 3 2 0 0 2 47 0 12640 766 474 620 7944 326 590 1731 7923 289 677 764 644 2064 7077 395 289 890 1419 613 804 133 1043 216 974 216 0 0 0 5 
87 0 27 10 6 9 2 3 6 49 11 13 85 134 9 798 2553 1476 919 567 408 458 493 463 495 4 4 3 6 2 11 23 6 12 8 35 4 5 10 6 9 5 5 6 6 7 2 3 2 9 4 6 9 1 2 37 8 2 2 0 11 2 154 2 1857 382 871 444 1202 229 255 290 2825 259 270 438 481 309 1237 430 134 383 967 829 575 190 210 4116 2362 539 1 0 1 6 
1365 15 763 249 25 381 115 42 38 789 150 174 1689 1794 122 15591 40628 21805 9144 9151 6821 7332 7582 7911 8513 74 78 161 179 13 140 637 114 406 153 216 54 89 173 77 24 185 92 217 224 59 55 126 26 136 154 94 19 26 62 23 36 24 35 0 22 36 3279 50 23834 17625 9154 10064 9384 4284 7664 4107 3769 7413 6812 14618 11912 15378 12529 7984 954 7797 16172 7463 4150 1849 3075 1748 4729 2923 7 0 0 66 
174 2 70 16 1 15 3 2 2 87 8 11 120 181 8 1956 4824 2469 1018 943 630 632 721 877 862 2 5 10 11 2 9 62 12 6 10 4 11 4 8 10 6 5 6 5 10 8 10 4 2 13 4 6 6 5 4 8 9 33 1 0 8 6 327 3 11442 748 707 497 6949 302 495 1101 5598 453 1286 1980 1250 705 4382 378 210 727 957 1128 1781 198 317 845 4690 6120 1 0 3 7 
0 0 0 0 0 0 0 0 0 0 0 0 1 0 0 0 1 2 0 2 0 0 0 0 2 0 0 0 0 1 0 0 0 0 0 0 0 0 0 0 1 0 1 0 0 1 0 0 0 0 0 0 0 0 0 0 0 0 0 0 0 1 0 0 1 2 0 0 0 0 0 1 0 0 6 1 2 0 1 0 0 1 0 0 0 1 0 0 1 0 1 0 3 0 
1 0 0 0 0 0 0 0 1 0 0 0 0 0 1 1 2 0 0 1 0 3 1 1 0 0 0 0 0 1 0 0 1 0 0 0 0 0 0 0 0 0 0 0 0 0 0 0 0 0 0 1 0 0 0 0 0 0 0 0 0 0 0 0 1 0 0 1 1 0 0 0 0 1 0 0 0 0 0 0 0 0 0 1 0 0 0 0 1 0 1 7 0 0 
0 0 0 0 0 0 0 1 0 0 0 0 0 0 0 0 4 0 0 2 0 0 0 1 1 0 0 0 1 0 0 0 1 0 0 0 0 0 0 0 0 0 0 0 0 0 0 0 0 0 0 0 0 0 0 0 1 0 0 0 0 0 0 0 0 1 0 0 1 0 0 1 0 0 1 0 0 0 0 0 0 0 0 2 0 0 0 0 0 0 3 0 0 0 
10 0 1 0 1 0 0 0 1 7 0 0 0 1 0 2 29 15 3 1 3 2 3 4 5 0 0 1 0 0 1 2 1 1 2 1 1 0 1 1 1 2 0 3 3 0 0 1 0 1 2 0 0 0 0 1 0 0 0 0 0 0 2 1 7 4 2 3 1 6 7 1 3 6 5 10 5 0 4 5 1 5 10 5 2 1 3 0 1 2 0 0 0 29 
