2394 12 36 45 17 17 1 44 27 74 6 1 3 17 8 93 389 178 69 38 25 31 54 73 65 4 2 5 6 1 35 293 7 4 7 2 2 1 8 1 1 6 1 3 4 15 4 2 6 7 2 11 2 3 1 1 0 1 0 0 1 14 8 1 48 16 46 28 40 27 22 7 9 21 17 25 36 87 12 17 5 29 31 60 5 11 5 23 10 15 0 0 0 18 
5 10 1 1 0 3 0 2 5 1 0 2 0 0 2 5 11 3 5 2 2 1 0 0 0 2 0 0 4 0 0 1 0 0 0 0 1 0 0 0 0 0 0 1 0 0 0 0 0 0 1 0 1 0 1 0 0 0 0 0 0 1 0 0 4 1 1 0 1 1 0 1 0 0 0 0 0 0 1 0 0 0 12 0 0 1 0 2 0 3 1 0 1 0 
59 0 143 80 10 7 3 3 9 20 2 1 0 3 2 168 2933 493 308 155 153 88 144 116 110 0 1 0 0 1 2 49 1 0 3 2 7 0 0 1 2 1 3 2 4 2 0 4 2 4 0 2 1 0 4 0 0 0 1 0 1 10 2 2 24 10 9 2 10 6 5 3 12 5 3 10 9 5 14 9 7 8 14 8 2 4 2 3 3 4 0 0 0 1 
26 0 31 449 51 10 0 1 14 24 0 0 3 3 1 79 186 72 48 51 32 22 25 31 25 1 0 1 6 2 2 42 8 3 2 4 11 2 4 5 3 3 8 4 8 0 1 2 1 5 1 6 4 1 1 0 4 1 0 0 0 10 3 0 34 11 13 8 38 6 13 39 15 7 6 19 24 10 18 11 1 13 12 38 11 6 7 1 13 3 0 0 0 2 
8 0 5 20 30 18 0 3 4 11 0 0 1 1 3 16 32 14 10 4 11 8 8 6 11 0 0 1 0 0 1 13 1 0 1 1 0 2 1 0 0 1 1 3 0 0 1 1 0 1 1 3 0 1 0 0 0 0 0 0 0 35 0 1 4 2 6 3 3 2 2 2 2 5 3 4 4 3 3 5 1 2 1 3 0 0 3 3 1 2 0 0 0 0 
6 2 2 7 10 44 0 5 6 31 0 1 0 0 7 15 38 28 10 19 11 8 18 14 23 0 0 1 0 0 3 10 11 15 9 16 7 2 4 5 10 25 12 22 30 5 5 5 3 8 16 16 2 2 2 1 6 1 0 0 0 16 0 0 103 102 85 71 51 29 44 31 50 159 75 109 291 52 20 54 4 78 97 86 12 18 12 2 31 12 0 0 0 1 
0 0 5 1 0 0 14 0 1 0 0 5 2 3 5 29 29 11 7 2 2 1 3 14 16 0 4 0 0 0 0 1 1 1 1 2 1 2 1 0 0 0 9 3 1 1 1 1 0 2 17 1 0 1 0 0 0 1 4 0 3 0 0 0 13 13 7 9 23 3 20 0 12 4 5 16 8 13 9 6 1 6 298 10 8 1 3 0 2 22 0 0 0 1 
9 5 16 8 8 8 0 47 79 41 0 0 1 5 2 21 51 26 11 7 2 11 9 12 8 15 0 0 7 1 0 9 3 2 1 1 1 0 0 1 1 0 4 69 3 1 1 0 0 1 2 0 1 0 0 0 2 0 0 0 0 5 1 0 3 3 6 4 3 0 2 3 5 1 7 10 8 6 3 3 2 3 2 6 0 2 3 1 6 1 0 0 0 0 
20 1 8 7 14 13 1 49 62 28 0 0 3 2 3 20 88 23 11 9 6 14 8 11 16 6 0 1 5 1 1 18 0 1 0 0 0 0 0 2 1 1 6 1 1 1 1 1 1 3 1 2 1 1 1 0 0 0 0 0 0 8 6 0 7 5 4 7 7 1 3 2 4 5 4 10 14 6 3 5 1 9 9 1 3 2 2 5 5 5 0 0 0 2 
42 1 15 18 12 28 0 25 25 1525 18 0 89 14 48 259 612 299 113 74 84 102 103 176 218 4 0 3 2 3 6 11 9 14 8 4 8 0 4 4 10 8 5 14 8 8 3 4 0 7 5 12 7 2 0 1 3 0 0 0 1 11 19 0 57 76 35 40 42 20 38 24 18 40 30 56 57 28 20 42 4 40 50 46 8 11 7 10 27 11 0 0 0 10 
3 1 4 2 1 0 0 0 2 19 152 0 47 4 3 42 193 83 53 59 38 44 31 38 60 2 0 0 5 0 8 8 5 3 4 2 4 0 2 1 3 1 7 3 4 2 2 4 1 3 7 4 1 1 3 2 3 1 0 0 0 1 8 0 53 24 25 22 25 8 15 7 5 30 17 45 65 22 13 21 3 21 29 24 3 11 6 3 10 5 0 1 1 0 
0 0 2 1 1 2 2 0 3 2 0 95 7 122 5 104 300 153 93 28 15 21 19 44 59 0 13 1 3 0 2 5 3 4 2 5 2 3 3 3 5 3 2 10 7 5 2 3 0 2 8 7 0 1 2 2 1 1 6 0 18 5 1 0 63 48 46 31 35 29 40 37 20 60 90 58 56 23 38 30 4 33 73 32 19 32 7 11 21 5 0 0 0 0 
5 0 5 3 0 1 3 2 11 43 47 5 326 21 8 896 2120 807 293 209 183 204 246 598 883 1 2 1 40 0 5 8 28 69 23 39 20 7 21 11 10 36 19 38 48 22 18 25 2 27 19 28 13 2 5 10 9 8 2 0 4 3 6 1 298 522 261 267 221 107 253 122 112 271 212 453 380 144 160 255 20 242 232 263 64 40 82 207 93 52 0 1 1 0 
38 0 8 1 0 1 3 5 1 19 6 116 54 2151 58 776 2404 813 352 239 239 197 245 447 765 5 4 6 4 0 14 21 47 48 93 29 22 17 27 15 26 34 17 40 53 16 26 27 4 37 51 50 10 10 7 9 9 9 2 0 2 1 10 1 403 363 973 302 261 165 238 206 171 205 217 326 423 189 187 265 31 286 385 238 63 96 105 134 91 55 0 0 0 1 
0 0 4 0 1 0 1 4 1 74 3 4 16 22 184 546 1352 575 227 85 68 91 144 705 1264 0 2 1 1 0 7 4 5 4 4 4 3 2 3 2 1 3 1 1 2 2 2 2 1 1 5 4 1 3 2 1 3 0 0 0 2 0 1 1 36 26 29 27 18 16 11 23 11 17 16 31 41 22 27 21 0 22 17 24 14 6 6 5 6 9 0 0 0 0 
192 2 31 67 130 11 10 4 26 230 66 34 222 431 92 95513 62285 45948 38800 36706 40800 40617 43906 41310 37344 25 6 7 31 4 35 102 171 77 77 73 59 35 53 38 25 116 62 94 112 87 37 55 11 114 82 71 35 39 37 26 31 14 8 0 11 7 127 11 1781 870 1091 876 604 425 582 433 435 1087 891 1094 1382 1609 437 775 112 1344 1264 841 405 505 444 376 488 252 1 0 2 9 
723 7 88 89 16 15 11 7 36 409 83 58 241 705 160 76946 70681 106967 50593 46987 41407 37355 36363 41008 89164 31 18 5 57 8 65 248 201 95 123 120 76 56 74 44 30 115 80 115 118 111 35 46 19 91 123 112 12 23 31 15 17 26 4 0 28 5 201 137 2423 1166 1323 1153 1047 600 790 442 392 1248 1018 1432 1584 1589 517 674 228 1020 1567 1259 193 313 327 327 345 301 0 2 1 14 
327 4 77 61 16 11 6 9 22 300 74 37 202 497 121 80294 61466 53291 73637 39246 40260 32873 31932 33949 30734 21 7 1 29 2 63 161 161 136 101 109 74 46 58 50 32 120 174 96 150 61 42 52 22 79 97 70 43 23 39 27 48 18 1 0 11 5 164 27 1935 1490 1191 1115 770 547 735 578 340 1218 2604 1129 1619 834 483 638 190 801 1200 843 560 278 374 430 357 248 2 0 4 11 
512 4 91 148 20 25 15 14 33 416 110 79 225 614 148 40084 41048 37703 33051 32757 24507 24771 21736 22470 21842 41 13 17 48 2 76 217 229 101 91 129 91 42 52 53 50 130 81 159 127 96 28 69 18 187 142 95 15 39 44 29 54 59 11 0 12 4 213 25 2418 1176 1139 1290 997 465 662 536 545 1273 1049 1500 1629 1217 460 694 218 1993 1772 1060 223 433 439 426 720 454 0 3 3 17 
237 2 36 75 19 8 9 6 18 283 66 33 201 338 149 32131 33054 32334 26678 26274 31166 22549 23027 23287 21368 28 6 6 25 1 85 103 161 85 85 81 440 33 67 46 20 132 70 448 220 80 22 43 16 92 95 62 198 17 25 34 70 17 4 0 11 5 160 10 1813 953 929 901 6497 503 641 531 366 1337 970 4449 2995 918 234 546 116 1068 1305 971 1992 327 309 272 646 253 0 1 2 10 
229 6 44 59 35 13 6 8 20 281 92 25 141 360 114 34512 34799 36577 28769 26124 30547 28667 21880 24254 23180 10 6 7 19 2 23 111 137 86 80 87 53 29 53 35 26 126 59 73 121 51 21 35 7 67 89 63 14 27 20 21 16 11 4 0 9 10 137 8 1757 813 808 769 573 368 434 433 300 1090 817 719 1218 530 254 499 93 684 870 785 128 245 218 235 295 201 1 1 0 12 
246 6 49 34 19 32 7 4 17 271 143 28 152 365 115 29703 30044 27227 22972 21372 23183 30929 24335 23505 33300 16 13 8 29 2 30 103 160 78 89 92 54 46 36 45 26 131 65 97 113 61 23 44 19 86 81 65 18 36 28 16 34 23 2 0 15 14 140 10 1758 826 864 747 595 365 480 411 300 1150 821 813 1246 524 239 552 128 668 934 744 123 299 243 218 329 203 0 1 6 5 
265 3 36 38 8 20 4 3 17 276 54 22 143 310 105 28488 30275 26521 21043 21657 22051 21664 32461 29549 23961 16 6 4 13 1 38 88 122 80 50 72 43 31 39 30 29 102 50 75 96 50 14 36 8 55 56 54 9 26 22 16 28 23 3 0 13 3 108 13 1660 751 789 711 566 333 404 367 292 1109 719 718 1159 477 252 444 96 601 884 619 184 221 242 239 299 187 1 2 1 6 
157 2 32 43 8 12 6 10 24 298 31 29 128 246 132 32584 32059 30234 24656 24797 26509 27096 30948 37231 35267 8 3 1 23 4 24 81 128 60 57 69 45 33 46 32 26 102 57 75 86 60 25 20 13 51 79 63 15 14 21 11 27 16 5 0 17 5 107 6 1633 712 752 696 682 264 395 370 425 982 709 718 1080 499 263 456 109 670 932 763 191 227 203 151 274 204 0 0 1 2 
217 2 27 48 17 4 8 16 25 404 113 28 168 316 82 38742 38301 34472 28416 26898 29686 32853 37448 53240 60172 8 7 5 21 1 31 90 144 77 71 60 57 28 42 41 25 83 61 72 88 56 25 49 11 60 80 54 11 16 13 14 21 18 6 0 9 6 124 11 1556 736 781 651 651 309 398 378 376 1055 752 738 1072 505 314 444 117 629 835 634 133 209 228 191 283 205 1 1 2 4 
0 2 1 1 0 0 0 5 152 8 0 0 13 3 3 20 77 25 9 11 10 5 7 4 10 19 4 1 0 2 1 5 1 0 1 25 2 0 1 0 1 0 0 3 2 5 2 44 0 1 1 2 0 1 1 4 0 0 2 0 16 1 0 0 6 1 4 2 2 1 2 0 0 5 1 2 6 1 4 8 1 0 2 0 3 1 0 2 0 1 1 0 2 0 
1 0 1 0 0 0 16 1 17 3 0 8 5 1 3 21 35 16 6 8 3 11 1 5 5 2 55 2 1 1 3 0 1 0 0 0 0 1 0 2 2 2 1 4 1 7 1 3 0 0 2 1 0 0 0 0 1 1 7 0 9 0 0 0 25 23 4 11 44 23 13 7 44 10 29 27 5 4 31 40 1 5 15 12 25 9 4 2 30 1 0 0 1 0 
1 0 5 0 0 0 0 1 0 1 1 1 0 0 7 3 12 7 761 1 2 0 0 1 4 2 0 9 0 8 1 1 0 0 0 0 0 0 0 0 0 1 0 0 0 0 0 0 0 0 1 1 0 0 0 0 0 0 0 0 0 0 0 0 3 11 0 0 0 2 1 1 0 1 0 0 0 1 12 2 0 0 2 1 0 1 0 1 1 0 0 0 0 0 
3 0 8 8 2 0 0 3 47 1 1 2 28 2 2 57 287 97 44 27 12 19 11 29 33 0 0 12 71 1 3 2 3 6 3 12 0 0 3 0 3 2 2 13 2 0 1 10 2 0 0 4 0 0 0 1 0 0 1 0 61 3 1 1 36 63 30 20 11 12 16 33 16 21 30 112 63 16 17 19 1 16 35 12 5 6 7 4 28 1 0 0 1 0 
2 1 0 1 0 0 0 1 0 1 0 0 0 0 0 2 10 6 8 0 0 0 1 0 3 0 1 11 0 18 6 0 0 0 2 0 0 1 3 0 1 2 0 1 4 1 0 4 0 0 1 1 0 0 0 0 0 0 0 0 0 0 0 0 1 1 2 1 2 0 2 0 1 2 2 3 2 2 0 0 0 1 3 1 0 0 2 0 0 0 0 0 0 0 
47 0 3 4 1 0 0 1 4 6 4 2 1 6 5 14 84 24 19 21 3 7 13 20 16 2 0 0 4 4 312 5 2 0 1 1 1 0 1 0 0 0 0 2 1 1 1 1 1 0 0 0 0 1 0 1 1 0 0 0 1 0 7 1 10 0 2 2 4 0 2 4 1 4 6 5 3 1 7 4 1 3 7 5 0 0 0 5 2 1 0 0 0 0 
98 1 204 50 14 8 2 8 14 38 2 2 7 33 4 270 1020 504 167 110 90 85 121 152 187 4 2 0 2 1 10 238 12 15 15 14 2 4 9 13 5 8 4 11 21 34 2 7 1 16 7 14 7 3 11 3 11 5 0 0 0 9 24 1 71 77 92 86 41 16 53 119 36 40 51 144 169 281 23 41 7 143 105 106 34 24 30 20 65 22 0 1 0 10 
120 3 56 22 7 7 2 0 10 60 7 12 46 132 4 1153 3860 1616 592 345 379 411 473 475 524 2 1 4 11 2 5 38 363 1189 1037 1390 464 220 533 1162 724 223 636 2453 1846 5615 196 363 58 2926 1787 1552 340 365 360 169 1374 468 1 0 4 3 125 3 78 30 25 43 15 9 21 22 29 9 25 134 86 248 13 31 2 78 61 34 29 17 10 11 19 25 0 1 0 8 
30 1 9 4 1 2 0 1 2 4 0 0 6 27 2 139 428 162 113 78 60 61 57 50 46 0 0 0 1 0 4 13 1134 205 95 44 1110 63 35 38 499 55 38 320 47 43 1584 15 7 316 75 34 386 17 19 7 483 23 0 0 0 0 6 0 231 20 15 10 248 11 6 14 82 4 4 85 12 8 327 2 2 97 7 4 137 3 4 1 10 3 0 0 0 0 
27 0 8 4 0 1 0 1 3 12 2 1 5 23 2 109 422 156 89 58 44 49 57 57 55 0 0 0 0 1 0 17 1493 56 185 59 1152 53 28 1064 653 47 1273 136 54 33 930 41 10 239 111 214 303 23 22 22 87 16 0 0 1 0 9 0 199 7 9 7 37 7 4 143 42 6 16 39 7 2 110 3 1 46 6 12 30 4 7 4 9 4 0 0 0 2 
48 0 15 6 1 1 1 1 3 8 3 3 8 36 4 253 790 329 160 99 101 97 95 109 100 6 1 2 3 0 3 28 1644 85 92 307 1138 51 108 56 726 115 55 70 126 62 1482 35 10 419 331 54 201 21 50 30 410 78 0 0 2 0 16 0 207 9 6 10 121 8 6 3 80 13 9 7 8 4 201 1 1 29 9 6 66 3 5 9 22 2 1 0 1 1 
204 3 68 29 2 8 4 3 7 75 5 8 51 118 7 1330 3953 1852 740 578 445 513 501 503 615 2 4 4 9 0 11 34 1856 510 409 1046 1600 167 346 140 339 225 277 3055 684 2250 307 292 31 4752 3304 1210 104 625 395 527 1342 624 3 0 1 4 107 5 47 21 16 32 14 12 15 5 9 12 9 74 51 44 6 16 3 80 51 20 9 62 9 9 39 14 0 0 1 9 
12 0 0 1 1 2 1 1 2 1 0 4 2 8 0 56 151 78 50 36 28 26 28 22 26 3 6 0 1 1 0 3 401 28 70 45 573 255 50 15 237 16 13 161 27 12 195 15 4 151 42 49 172 13 7 18 58 9 3 0 4 0 4 0 109 6 7 6 41 7 4 1 60 1 3 32 10 3 62 2 2 52 4 5 32 5 2 5 4 4 0 0 0 0 
22 0 8 5 1 1 1 0 1 8 0 2 6 17 1 162 477 166 98 78 46 71 68 69 74 1 0 2 0 2 1 9 834 53 35 44 620 35 252 316 739 32 48 140 52 55 553 34 8 269 208 106 483 23 29 15 90 34 0 0 1 1 5 0 97 4 3 3 31 3 6 11 203 4 5 15 15 4 173 5 0 86 8 5 85 4 4 2 9 1 0 0 0 1 
46 0 11 3 1 2 3 1 9 18 2 4 8 31 0 301 659 329 151 95 96 78 100 90 116 0 0 0 3 0 0 13 1962 47 44 43 986 26 46 64 1206 75 59 70 72 101 896 36 8 139 96 127 324 14 18 18 223 18 0 0 2 0 20 1 112 2 7 15 72 7 1 3 78 4 6 5 8 7 115 5 3 4 8 4 27 7 4 5 13 4 0 0 1 1 
22 0 8 4 1 3 0 1 3 18 1 2 11 29 4 272 778 330 182 92 95 82 88 122 111 1 2 1 3 1 3 22 2480 150 1600 914 2637 692 482 57 221 92 607 1379 751 4083 1252 321 80 1391 1809 2662 160 335 35 171 97 328 0 0 0 0 25 0 34 11 27 14 32 11 13 1 3 3 14 21 14 68 13 5 2 28 29 45 18 19 2 6 6 9 1 0 0 1 
12 0 2 2 0 4 0 1 2 7 1 6 3 24 1 108 221 93 51 39 24 28 36 34 40 1 3 1 0 0 1 7 755 55 89 48 294 22 35 67 126 102 54 52 59 28 631 45 7 200 45 34 161 20 15 5 11 8 0 0 0 1 2 0 214 8 11 9 107 2 3 9 28 7 15 7 10 3 208 10 2 37 7 10 52 5 2 3 5 4 0 0 0 0 
24 0 8 4 1 1 0 0 7 4 1 3 2 16 0 105 359 162 79 59 48 70 68 65 69 1 1 1 2 1 1 16 1036 48 45 36 742 16 29 64 760 37 107 111 85 87 414 29 6 56 195 44 160 10 22 12 206 27 0 0 1 0 8 0 150 4 3 8 77 1 5 12 141 5 15 5 12 17 40 11 0 21 10 7 35 4 2 2 35 3 7 0 0 1 
38 1 21 5 1 5 1 1 70 27 2 6 10 57 2 397 1125 491 240 157 135 131 158 191 175 4 5 3 2 1 5 27 2431 99 109 347 2698 122 65 47 2113 92 171 2781 174 65 1945 97 9 65 300 137 738 104 38 31 921 68 1 0 1 1 44 0 154 12 10 10 232 5 7 2 217 8 13 17 6 7 314 8 1 4 14 9 135 9 6 2 66 3 0 0 0 3 
44 0 11 7 1 3 0 1 0 10 2 4 4 35 0 201 638 273 161 93 83 81 98 81 92 0 0 0 3 1 0 21 2538 231 137 61 1503 35 61 48 940 54 54 59 328 71 963 248 10 69 175 62 189 15 26 34 260 33 0 0 1 2 12 0 444 9 36 11 220 2 4 9 137 8 7 7 13 8 146 9 0 10 9 4 40 4 10 8 27 4 0 0 0 0 
109 3 56 8 2 9 4 6 8 49 5 4 40 72 4 1168 3008 1404 551 417 319 399 373 397 456 1 4 4 5 0 14 41 3160 187 573 1551 2759 76 1846 237 1570 191 387 174 231 1128 918 80 8 110 722 922 218 51 45 69 809 159 1 0 1 1 75 4 100 10 15 20 77 5 32 8 88 12 11 15 13 9 108 2 1 12 12 13 19 6 3 8 13 6 0 0 0 5 
52 0 17 7 1 1 3 4 13 35 6 6 27 71 5 395 1499 631 228 137 148 199 179 215 226 0 1 2 0 0 5 9 287 343 652 538 344 211 558 294 351 112 377 1131 806 4030 1523 479 15 1731 1382 815 1007 1085 591 257 1088 116 1 0 0 1 48 2 20 12 10 8 6 22 6 16 8 3 10 23 26 94 27 11 0 38 19 17 41 11 13 5 14 6 1 0 0 1 
27 0 5 3 0 0 0 1 5 8 1 1 4 19 1 115 332 115 56 46 30 38 45 50 34 5 0 0 4 0 5 9 635 31 36 18 463 14 21 123 492 25 24 141 43 22 594 166 7 129 144 56 184 10 19 11 126 19 3 0 1 2 5 0 130 5 8 5 64 2 2 29 114 8 22 32 8 4 96 12 3 44 7 8 46 2 4 5 5 4 0 0 0 1 
9 1 3 2 1 0 0 0 1 1 0 0 1 1 1 24 75 40 16 11 9 11 8 15 17 0 0 0 0 0 0 3 46 5 6 2 11 4 2 11 7 1 7 8 62 7 37 10 23 5 11 12 274 4 27 8 1 1 0 0 0 0 2 0 7 1 3 2 1 1 3 1 2 1 3 1 1 3 2 1 6 3 0 7 47 2 11 1 1 1 0 0 0 0 
112 3 39 21 6 5 3 5 7 38 4 4 29 72 2 788 2098 986 460 323 268 287 309 300 343 2 1 1 2 0 5 27 2428 256 230 963 1960 151 210 90 2166 106 312 1031 256 280 1801 101 24 515 1266 740 434 58 60 59 726 164 0 0 1 1 64 1 174 14 10 19 87 11 5 9 83 6 7 17 16 16 288 5 1 10 17 20 98 3 4 9 34 12 0 1 0 2 
116 3 67 13 3 9 0 1 2 39 4 7 23 102 5 680 2191 996 437 275 232 216 303 305 310 0 1 2 1 1 10 36 1335 170 248 130 1066 71 164 1165 758 90 237 168 313 85 719 150 20 118 1222 1208 281 27 99 52 215 33 0 0 0 3 69 3 159 8 28 9 79 7 10 103 76 8 24 18 26 20 90 33 4 6 22 109 76 4 15 6 17 13 0 0 2 4 
58 1 16 8 0 7 1 1 0 16 0 4 12 46 1 326 1017 477 201 165 144 169 143 152 149 0 1 0 1 0 6 27 2907 88 299 73 2153 38 59 811 1183 68 116 145 111 70 1872 41 65 432 419 881 285 34 54 33 638 179 0 0 1 8 29 1 119 19 10 1 110 4 3 55 99 10 8 7 15 6 141 7 2 67 13 14 30 2 16 5 37 8 0 1 0 3 
28 0 4 5 0 5 0 0 2 12 0 0 4 12 4 79 256 137 52 49 27 40 43 54 46 2 0 0 0 0 3 5 445 201 389 270 559 130 358 84 358 52 179 604 313 853 25 254 11 982 795 673 44 276 14 89 116 115 7 0 1 0 7 0 9 6 9 35 9 8 12 2 6 4 8 9 11 23 7 20 1 16 23 26 4 6 2 7 4 4 0 0 0 1 
12 0 5 2 0 0 0 0 2 6 0 4 3 6 0 41 141 58 43 17 10 18 33 14 20 0 0 0 0 1 0 5 604 26 25 16 1319 12 22 20 490 13 10 19 34 19 152 22 4 46 53 13 30 26 9 9 78 12 2 0 1 1 5 0 39 4 2 2 37 2 2 1 49 1 6 2 1 3 9 3 1 6 4 3 6 2 2 3 3 2 0 0 0 0 
19 0 7 6 1 2 0 0 0 6 0 1 1 14 1 130 341 129 78 53 42 47 43 59 54 0 0 0 0 0 2 7 427 33 24 24 305 15 38 60 250 27 30 38 29 321 232 14 15 28 125 37 26 11 45 6 25 28 0 0 0 0 5 0 70 2 4 1 57 4 4 27 57 3 5 1 3 5 54 2 7 4 17 4 5 1 2 2 5 3 1 0 0 1 
17 0 4 2 0 0 0 0 1 4 3 0 6 9 1 53 220 78 95 38 26 24 31 35 31 1 0 0 0 2 1 4 58 13 35 28 38 3 4 10 81 8 8 28 20 8 46 16 8 18 39 23 16 13 0 241 183 29 0 0 0 1 6 0 12 6 8 8 11 3 4 2 9 0 2 3 6 8 5 1 2 9 4 9 6 3 1 40 5 5 0 0 0 0 
145 2 67 34 3 7 6 2 10 73 2 5 36 79 2 922 2811 1225 529 390 348 385 423 410 473 2 1 3 5 1 7 36 892 362 134 217 337 154 201 64 64 121 116 325 233 792 596 115 15 172 500 156 137 37 28 42 113 125 0 0 1 2 86 2 50 8 4 15 27 5 4 4 10 9 7 4 10 11 130 8 3 4 14 6 19 3 3 3 4 6 1 0 0 7 
23 0 6 6 1 0 0 0 3 10 2 1 4 11 2 120 429 151 55 42 50 44 50 63 46 0 0 1 2 1 0 5 477 14 14 12 157 9 21 18 156 10 21 37 40 9 168 9 4 16 20 32 103 8 6 23 150 268 0 0 0 1 10 0 38 4 3 2 26 2 4 5 14 2 5 2 2 3 21 3 0 2 0 3 3 3 2 8 9 17 0 0 0 1 
0 0 2 1 0 0 3 0 1 0 1 6 4 0 0 4 24 6 2 7 2 10 3 3 4 1 5 0 2 0 0 0 1 1 0 0 0 2 0 1 0 0 0 1 0 1 0 1 0 0 1 0 2 1 0 0 0 0 10 0 19 4 0 0 16 4 7 7 6 4 10 20 9 3 13 12 1 5 10 16 1 6 8 3 5 11 0 3 4 1 0 0 0 0 
0 0 0 0 0 0 0 0 0 0 0 0 0 0 0 0 0 0 0 0 0 0 0 0 0 0 0 0 0 0 0 0 0 0 0 0 0 0 0 0 0 0 0 0 0 0 0 0 0 0 0 0 0 0 0 0 0 0 0 0 0 0 0 0 0 0 0 0 0 0 0 0 0 0 0 0 0 0 0 0 0 0 0 0 0 0 0 0 0 0 0 0 0 0 
1 0 0 0 0 0 4 0 2 1 0 11 2 3 2 6 23 6 5 3 0 6 5 2 7 2 4 1 2 0 0 1 0 0 0 3 1 1 0 3 0 0 0 0 0 8 0 1 0 0 0 0 0 0 0 0 0 0 20 0 15 0 1 0 4 15 4 30 0 4 10 21 8 15 12 3 8 11 8 10 1 4 7 8 11 8 1 4 7 0 0 0 0 1 
7 0 5 9 8 36 0 8 6 15 1 4 4 4 1 7 19 9 6 5 5 7 15 4 6 1 0 0 1 1 0 6 4 1 0 1 0 1 0 0 0 2 0 2 0 1 0 2 2 0 0 2 0 0 0 0 1 0 1 0 3 69 15 0 5 5 3 4 3 1 5 7 4 10 1 2 4 2 12 4 1 4 5 4 3 0 2 1 1 1 0 0 0 2 
22 2 14 10 2 1 0 3 11 21 10 1 12 24 2 2073 4745 2216 578 417 380 475 455 630 959 6 1 5 2 1 3 27 31 70 46 50 21 20 51 19 17 41 36 55 65 29 19 37 11 40 37 29 6 6 11 18 13 6 1 0 0 18 241 2 371 629 415 348 203 163 398 172 123 324 256 452 589 248 131 283 47 364 350 259 81 72 109 116 111 69 0 0 0 2 
0 0 0 0 1 0 0 0 0 0 1 0 0 0 0 7 101 13 4 5 4 8 2 3 10 1 0 0 2 0 0 0 0 0 1 0 0 0 0 0 0 0 0 0 0 0 1 0 0 0 3 0 0 0 0 0 0 0 0 0 0 0 0 26 4 3 3 3 6 2 0 2 1 0 2 4 1 2 0 2 1 2 8 3 2 0 0 1 0 1 0 0 0 0 
1371 19 503 210 32 92 50 50 94 782 118 140 656 1884 127 16266 44211 21670 7706 5486 5128 5576 7035 8187 8155 48 89 81 120 8 142 415 55 104 70 86 26 43 62 63 45 56 63 141 116 200 15 41 17 131 107 90 18 32 27 34 42 38 16 0 41 22 2063 37 7393 19570 18335 21241 7272 4051 9816 16236 15807 5391 13641 38516 30800 93756 3681 7988 1237 51228 30212 30451 6978 6964 6317 3794 22892 7763 2 3 11 52 
173 1 51 23 4 6 17 0 8 67 12 22 60 236 18 2015 4861 2202 1283 846 640 680 776 834 736 5 18 7 24 1 13 85 19 7 18 3 34 3 2 5 8 10 9 20 7 5 22 3 2 9 3 5 26 2 3 3 14 3 3 0 8 0 84 4 19953 3903 1326 804 19449 1015 654 1110 8169 688 550 5149 953 551 22477 391 98 5723 1679 603 8173 258 349 195 6281 582 1 0 0 3 
191 1 52 30 5 14 6 10 13 82 36 29 79 257 41 2150 5291 2461 1302 979 605 788 929 972 919 4 9 4 8 2 16 128 81 12 17 13 44 12 11 33 15 5 36 9 10 10 23 5 1 6 15 15 9 3 5 6 7 1 1 0 9 3 129 6 22295 892 2634 938 14923 635 584 21340 8360 883 19346 3092 1163 552 15366 635 134 4116 1945 2774 5972 431 318 340 1461 439 0 0 1 5 
448 1 136 70 13 25 16 8 11 139 24 72 129 414 20 3713 9520 4564 2239 1918 1327 1466 1683 1746 1799 17 28 20 30 5 43 174 67 22 14 20 33 22 19 12 21 12 33 11 32 8 69 8 7 22 33 21 12 4 11 2 14 13 15 0 28 9 315 11 24982 1542 1501 4313 18829 1058 1873 1363 12526 1966 1213 1867 2242 1112 20967 851 158 5952 4808 1134 4521 487 967 447 5930 1207 1 1 0 15 
2096 15 781 350 37 133 114 44 101 960 98 140 1055 1964 134 18391 46218 24160 10506 8603 6716 7098 8075 8925 9105 84 103 139 128 18 240 574 134 175 79 118 65 36 82 49 27 89 43 161 132 107 39 61 20 220 180 95 13 26 41 43 87 34 18 0 50 39 2169 72 27706 9494 8444 16606 27130 3596 6618 3734 7588 4496 6952 46010 13620 40107 5401 6193 692 78334 45857 21042 2546 10742 5752 7457 19887 7013 0 5 10 73 
98 1 21 15 1 5 6 3 6 40 3 18 32 100 6 802 2087 1011 567 534 325 285 380 426 415 4 23 3 16 1 13 38 14 5 7 6 13 11 16 8 5 6 4 10 6 4 6 10 3 8 4 4 9 0 4 5 1 1 3 0 9 1 49 3 7718 432 1133 593 6771 4554 744 434 5371 269 350 3034 604 311 3826 276 87 3177 687 882 3096 207 225 182 986 139 0 0 1 1 
291 3 77 46 4 6 8 5 6 91 9 32 67 248 15 2489 6858 3228 1465 1106 900 1066 1224 1351 1312 10 21 8 24 0 29 101 30 7 3 13 28 4 14 20 19 5 10 16 16 7 24 8 4 17 12 7 16 3 3 3 7 4 13 0 21 6 163 7 14234 994 759 853 11675 602 3776 4799 11838 466 893 2528 1029 1156 8954 593 118 5549 3287 1462 7004 307 705 216 1675 683 0 0 2 2 
458 4 132 48 6 21 15 4 21 157 18 49 116 368 21 4010 9208 4456 1797 1416 1131 1215 1460 1725 1645 7 43 22 21 5 36 181 77 25 9 12 25 7 6 10 28 10 7 16 19 5 33 4 1 11 18 13 19 6 13 10 17 3 4 0 29 8 304 12 31070 1021 1032 759 19126 466 740 1100 20433 969 1487 1499 1508 1945 17163 690 158 2184 1729 2108 6324 334 482 290 3636 345 0 0 3 12 
391 3 140 69 6 19 19 16 30 238 23 43 217 452 27 4687 12032 5716 2370 1507 1635 1548 1891 2469 2536 15 27 23 25 3 37 207 118 24 67 36 130 24 26 15 77 16 36 72 43 186 48 21 6 56 63 118 5 23 6 30 6 14 8 0 23 15 455 18 30721 3256 25212 12635 40645 7636 8660 1358 3825 2130 11932 23623 12615 66963 14401 5386 1137 21075 28583 36535 2842 4989 942 3733 1912 6200 1 0 4 18 
101 1 22 7 0 4 7 4 7 37 5 25 28 158 4 1113 2690 1277 659 434 360 440 472 466 446 1 14 5 1 0 6 36 18 5 8 2 12 8 0 6 3 6 3 4 7 3 13 4 1 5 6 2 2 1 5 2 3 3 2 0 4 2 37 2 13513 765 996 732 7053 351 424 1214 2799 1260 1046 683 1121 677 11041 606 90 2406 777 642 3354 308 336 135 261 139 0 0 0 1 
252 1 50 32 2 13 11 4 17 123 10 65 68 232 11 2097 6144 2652 1229 953 755 1020 1307 1588 1190 5 47 9 18 2 26 114 53 4 3 3 29 5 2 5 26 3 10 22 8 6 23 17 3 6 7 10 17 3 3 8 27 5 10 0 17 7 171 4 19846 758 883 713 14933 361 419 1569 16041 769 2061 2010 1577 1264 9686 644 104 1407 4001 978 4494 185 526 199 4736 624 1 0 2 6 
476 4 211 66 7 29 24 17 35 219 34 82 189 628 32 5993 14447 6968 2984 2062 1729 1927 2191 2774 2651 16 88 34 39 4 55 254 127 17 13 18 69 19 16 18 45 17 16 63 15 15 44 14 3 13 16 13 9 9 6 5 12 7 12 0 41 4 613 9 37709 2091 1913 5214 44177 2055 1273 1316 33963 1334 2655 35577 3182 1158 30935 1628 150 1218 5427 2652 13006 1827 794 400 14301 1426 1 0 3 11 
400 4 100 46 7 22 9 16 15 133 18 83 124 408 31 3564 8980 4300 2170 1550 1171 1302 1480 1729 1656 11 13 20 27 2 35 195 69 18 9 11 43 9 9 8 23 11 5 3 13 25 36 14 5 6 14 37 9 2 7 13 16 3 3 0 6 9 275 10 41085 3741 2514 1039 23707 645 1080 1090 16196 1154 1005 1056 4955 1269 17003 3649 130 1250 3401 1162 3931 438 666 580 4552 846 1 0 2 9 
1295 15 598 194 33 89 79 53 48 548 80 131 538 1286 97 15644 35350 18950 7614 5897 5007 5449 6189 6846 6913 31 36 95 89 11 151 523 176 80 50 97 120 27 145 25 56 46 39 54 65 43 59 45 8 64 83 65 25 16 26 25 39 25 9 0 35 25 1506 51 43490 3545 8655 22711 39688 1440 33140 5129 24945 3766 8426 3677 4181 17310 15547 1754 338 2748 12688 14541 4683 885 1118 1206 9172 3297 0 1 5 45 
677 11 208 105 18 29 19 21 53 375 63 79 281 981 59 6668 19503 9231 3451 2388 2397 2649 3129 3596 3704 25 34 21 62 7 95 162 23 38 39 31 15 17 37 19 14 8 18 66 63 178 52 37 4 86 67 41 44 33 31 27 33 13 11 0 16 10 832 16 5478 6776 11777 8954 6871 3927 10216 5509 5652 2337 7422 20438 14676 58556 24701 8942 247 27268 20152 14614 15380 15259 9436 5790 14392 2203 0 2 6 22 
232 0 41 34 6 2 7 5 9 69 11 18 48 211 21 1829 4193 1965 1017 724 579 587 672 717 778 5 25 7 10 2 31 71 21 7 2 3 13 7 3 12 22 8 4 9 4 48 21 5 2 2 10 6 4 2 8 3 9 5 31 0 10 0 87 3 11811 469 682 525 8077 340 479 2715 8764 534 520 2967 645 447 11709 3214 141 2801 2597 996 4117 225 338 189 1793 374 0 0 0 4 
33 0 6 2 0 3 0 1 2 10 10 1 8 41 3 292 811 397 161 128 122 108 141 166 144 0 0 0 3 0 2 11 5 4 3 1 1 3 1 4 3 1 1 2 3 3 3 5 3 4 3 5 7 3 4 2 0 0 0 0 0 0 32 3 547 145 129 101 190 77 70 184 261 100 122 84 518 141 682 127 230 158 143 424 3819 72 310 77 102 95 0 1 0 0 
1072 8 586 208 36 78 58 16 36 470 55 97 487 1133 79 10700 26191 13292 6314 5432 4539 4627 5078 5441 5287 31 47 63 82 5 109 428 106 83 41 66 62 44 45 38 57 30 30 62 56 39 72 41 2 39 76 65 21 15 19 26 34 25 9 0 41 17 1202 45 38100 4884 4142 13697 32964 2400 3931 1799 33177 2203 5359 14646 5372 5789 30195 2366 284 7605 18158 12624 9377 1339 1088 893 10337 2584 2 2 3 44 
1202 11 843 126 11 51 31 25 48 497 75 111 391 1307 57 9667 27208 13591 5818 4629 3658 3970 4387 4952 4728 29 48 46 85 6 140 330 77 34 29 27 33 16 52 59 27 26 17 29 45 17 19 21 8 38 52 56 13 12 20 15 17 14 4 0 42 12 1089 35 21343 2585 4710 2438 17577 1556 2804 19697 12949 1397 5991 3377 5731 1998 12329 3013 438 2278 18223 19772 6404 639 1992 894 3571 918 2 4 7 35 
624 4 197 78 11 19 31 15 15 237 20 52 186 591 49 5317 13445 6739 3276 2690 2119 2461 2425 2697 2566 19 19 28 30 2 77 295 144 34 21 20 72 19 28 35 36 19 7 19 31 16 77 17 5 30 40 29 19 4 11 5 33 17 5 0 17 17 460 11 38063 1901 3777 1175 30911 723 1053 13153 18602 1933 1744 2634 2099 1266 26042 920 624 7175 7650 14030 5407 592 1268 556 9156 3473 0 1 4 18 
246 4 46 31 8 17 14 5 7 93 14 24 53 203 21 1336 4114 2497 830 628 539 600 821 942 859 12 17 11 19 2 31 82 20 17 15 13 20 19 18 6 10 11 15 29 27 26 2 14 5 37 41 27 4 8 4 15 6 9 7 0 6 9 152 10 6004 4232 7418 5713 7615 2139 5988 1570 5954 1109 4338 11888 6651 16205 897 4583 243 14058 14830 13288 924 4274 562 1714 2484 2062 0 1 1 10 
59 0 17 6 1 6 26 2 3 34 4 40 30 82 11 565 1754 768 654 314 228 266 312 364 274 0 4 2 3 1 8 42 24 3 2 2 35 3 5 4 14 9 3 4 7 5 10 2 1 6 3 1 9 12 0 5 6 3 11 0 8 0 32 0 8801 443 421 395 21299 197 264 348 8720 278 249 381 514 355 2246 346 67 1027 1080 316 562 317 165 155 1039 241 1 0 0 1 
209 0 66 34 1 10 4 6 4 68 6 23 54 168 26 1484 4007 1951 1014 715 607 638 640 725 697 4 5 9 19 1 23 59 13 15 8 5 20 3 3 9 3 4 3 3 8 6 5 5 5 9 21 3 3 7 4 4 1 5 3 0 1 5 140 7 8775 594 405 488 5850 289 768 1209 5105 378 854 725 605 3161 4439 300 184 639 1931 523 518 131 618 199 579 326 1 0 1 5 
167 1 44 14 2 4 4 4 5 52 6 12 82 148 9 1039 3441 1635 1089 620 470 586 623 555 635 5 5 6 10 1 9 38 9 3 4 53 6 7 6 9 1 4 4 5 7 3 5 4 1 8 4 2 4 1 3 34 3 7 2 0 14 1 104 5 1009 248 597 345 945 167 174 185 1776 142 157 326 329 175 1028 262 106 230 558 554 308 153 143 3887 1881 388 0 0 0 9 
1462 17 698 278 37 105 68 36 104 782 64 91 669 1143 73 11478 30736 15672 6247 5361 4487 5141 5618 5923 6045 46 43 114 86 17 158 403 59 117 45 75 22 32 65 21 9 47 38 70 72 41 33 40 10 41 56 31 15 11 13 16 14 17 28 0 50 23 1472 54 13686 5564 2876 3912 6434 2068 2848 1344 1622 2360 2425 6523 4190 11704 7706 2423 340 3080 7267 2770 2595 613 727 1002 2114 1775 8 2 2 78 
223 2 70 17 7 7 4 1 7 96 13 8 73 168 7 1642 4656 2101 862 695 482 556 648 811 708 7 3 13 13 4 15 73 21 6 3 6 16 2 2 3 6 1 1 5 6 4 8 3 2 3 8 2 7 2 8 4 4 31 1 0 10 2 196 4 8482 328 331 245 3778 147 304 647 3482 191 742 858 628 350 2871 144 118 376 434 596 1485 111 194 491 2062 4463 0 0 2 4 
0 0 0 0 0 0 0 0 0 1 0 1 0 0 0 0 0 1 0 1 0 1 0 1 1 1 0 0 0 0 0 0 0 0 1 0 0 0 0 0 0 0 0 0 0 2 0 0 0 0 0 0 0 0 0 0 0 0 0 0 0 0 0 0 0 2 0 0 0 0 0 0 0 0 0 1 0 0 0 1 0 1 0 0 0 0 1 0 0 0 0 0 5 0 
0 1 0 1 0 0 0 0 0 1 0 0 0 0 1 0 2 0 1 0 0 1 1 1 0 0 0 1 1 0 0 2 1 0 0 0 1 0 0 0 1 0 1 0 0 0 0 0 0 0 0 1 0 1 0 0 0 0 0 0 0 0 3 0 0 0 0 0 2 0 0 0 0 0 0 1 0 0 0 0 0 0 0 0 1 0 0 0 0 0 0 3 0 0 
0 0 0 0 0 0 0 0 1 1 0 0 0 1 0 1 1 0 1 0 0 0 0 1 0 0 0 0 0 1 0 0 0 0 0 0 0 0 0 0 0 0 0 0 0 0 0 0 1 0 0 0 0 0 0 0 0 0 0 0 0 0 0 0 0 1 1 1 0 0 0 0 0 1 0 0 2 0 0 0 0 0 0 0 1 0 0 0 1 0 1 0 3 0 
22 0 1 1 1 0 0 0 0 11 1 0 1 0 0 8 59 11 0 2 3 7 1 4 5 0 0 0 0 1 0 2 1 2 1 0 0 1 2 0 0 2 1 1 1 0 1 2 0 0 0 1 1 0 0 1 0 0 0 0 0 2 2 0 2 7 6 4 4 0 5 0 1 1 1 4 5 2 6 5 0 0 3 1 0 0 0 0 0 0 0 0 0 33 
