2995 26 38 39 17 16 0 54 22 67 6 2 2 22 2 87 428 180 66 37 31 32 51 58 70 4 0 3 5 1 42 421 8 2 3 3 1 0 2 1 0 1 1 2 1 2 1 2 8 3 2 6 3 1 0 8 1 0 0 0 2 20 9 0 30 6 25 9 20 13 10 1 2 4 9 19 24 52 9 11 2 21 18 45 4 3 2 30 6 6 0 0 2 22 
5 10 5 2 1 1 1 2 2 2 0 1 0 2 1 4 15 4 3 2 0 0 2 1 1 0 0 0 2 1 0 0 1 0 0 0 0 0 0 0 0 0 0 0 1 0 0 0 0 0 1 0 0 0 0 0 0 0 0 0 0 1 0 0 1 1 0 0 0 1 1 0 0 0 0 0 0 0 0 0 0 0 6 0 0 1 0 1 0 0 0 0 0 0 
58 0 241 99 10 5 7 6 5 18 2 1 2 1 0 120 3752 556 360 192 137 91 118 127 125 0 0 0 0 5 5 51 1 2 4 0 6 0 0 0 1 1 1 0 4 0 1 1 0 3 0 1 2 2 1 1 0 0 1 0 5 8 3 2 6 2 3 4 1 2 3 1 1 1 5 2 7 8 6 3 6 9 1 2 0 0 0 3 3 1 0 2 0 1 
39 1 27 634 69 10 0 6 5 20 1 0 3 4 3 55 171 55 29 43 33 24 28 19 27 0 0 1 1 1 2 25 6 2 0 2 1 0 1 6 2 1 3 4 2 2 1 2 0 15 1 3 2 1 0 0 1 1 0 0 1 10 2 1 21 7 7 7 26 3 3 19 8 3 8 5 16 4 6 6 0 6 8 20 1 0 2 2 4 2 0 0 0 2 
8 0 7 15 54 9 0 6 6 9 0 0 0 2 0 7 24 13 8 5 14 11 9 10 9 0 0 0 2 0 1 1 1 2 0 1 0 2 0 0 1 0 1 1 0 0 0 0 0 2 1 6 0 0 1 0 2 1 0 0 0 20 3 0 4 2 3 1 3 6 1 1 0 0 2 4 6 2 3 2 0 2 4 0 1 0 0 0 1 1 0 0 0 0 
5 1 8 9 10 54 1 4 5 43 3 0 0 1 2 10 34 24 16 4 10 9 27 18 17 1 0 0 0 0 2 12 4 4 1 6 4 0 1 1 2 5 1 4 17 2 0 2 0 2 7 4 5 1 2 0 4 1 0 0 0 8 2 0 22 35 25 16 13 6 7 8 18 45 28 20 136 15 2 17 1 16 35 29 8 5 3 3 15 9 1 0 0 0 
0 0 2 1 0 0 21 1 0 0 0 1 0 4 3 14 17 7 2 2 4 2 6 7 14 0 5 1 0 0 0 1 1 0 0 1 0 0 0 1 0 0 3 0 0 1 1 0 1 0 8 1 0 0 1 0 0 2 2 0 2 1 1 0 8 4 7 6 14 2 5 2 7 2 4 6 7 5 6 1 2 3 163 4 3 1 1 0 4 10 0 0 0 0 
11 3 8 8 5 8 0 45 85 37 1 0 2 1 2 18 50 26 14 5 4 9 13 20 24 13 2 0 2 1 0 6 3 2 1 0 1 0 0 1 1 1 8 77 1 0 4 0 0 0 1 1 3 0 0 0 2 0 0 0 0 5 1 0 2 0 1 2 2 3 1 2 4 1 4 11 7 2 0 3 0 3 6 2 0 1 0 1 3 0 0 0 0 1 
28 1 10 9 16 16 0 35 58 34 1 0 1 5 4 19 87 21 9 4 6 7 11 11 25 0 0 0 5 1 1 10 0 1 0 2 1 1 1 0 0 0 0 0 2 0 0 5 0 0 1 0 0 0 0 0 0 0 0 0 0 21 4 0 5 3 2 4 2 1 1 2 2 3 1 3 8 3 1 4 0 6 2 7 6 1 3 3 1 1 0 0 2 0 
57 3 29 27 11 27 0 27 31 2043 28 1 83 13 85 192 605 215 82 56 68 80 115 138 175 2 0 5 2 0 8 20 5 5 1 2 3 1 2 6 0 0 2 6 4 3 0 2 0 1 1 3 4 0 0 0 3 2 0 0 5 17 16 0 49 26 15 15 15 4 15 11 10 22 11 15 35 17 9 16 2 23 32 17 7 5 2 16 8 4 0 0 1 25 
0 0 2 0 0 0 0 2 2 19 210 0 79 6 4 45 174 49 43 27 16 32 23 34 38 0 0 3 3 0 1 5 0 2 1 2 2 0 0 0 1 3 1 1 5 1 0 2 0 1 0 2 1 1 0 0 1 1 0 0 0 0 3 0 17 8 12 9 6 1 6 6 3 12 6 8 26 6 5 25 2 5 7 16 6 3 1 4 6 0 1 1 0 3 
3 0 1 0 0 1 0 1 3 2 0 106 2 191 6 63 162 62 73 18 20 20 21 27 48 2 6 0 1 1 1 1 2 0 1 3 3 1 1 1 3 4 1 2 7 2 0 2 0 1 3 3 0 1 0 0 2 0 6 0 16 1 1 0 34 33 11 18 10 14 15 23 10 37 88 28 46 10 21 16 2 10 29 16 16 23 4 6 9 5 0 0 0 0 
4 1 2 2 0 1 2 2 11 48 58 1 335 27 1 698 1260 457 208 141 148 162 227 254 384 1 4 5 38 1 3 4 13 18 3 11 11 8 12 7 4 20 8 11 21 1 8 8 3 14 11 7 1 2 5 15 5 10 3 0 1 3 8 0 134 183 71 120 74 50 87 45 36 101 110 162 211 49 69 88 7 106 102 87 42 7 26 214 30 26 0 0 0 1 
50 4 6 2 0 0 1 2 6 21 6 131 60 2506 58 596 1659 534 292 191 229 210 221 288 392 3 8 7 1 1 18 10 17 16 58 8 7 7 15 4 10 14 9 9 24 5 14 14 2 7 18 11 3 3 3 13 7 4 1 0 2 5 20 0 155 127 748 132 85 61 72 61 53 117 93 98 164 77 51 105 20 87 148 94 34 53 55 157 44 16 0 0 0 2 
3 2 2 0 3 1 3 9 2 109 4 6 5 36 201 178 292 158 79 46 50 43 76 140 206 2 3 0 2 2 3 4 1 4 0 0 1 0 2 1 1 0 1 1 4 0 1 1 3 4 0 1 0 0 0 0 0 0 0 0 0 0 1 0 16 10 12 15 8 5 13 11 4 10 11 8 30 11 14 8 2 11 16 10 5 1 0 2 6 5 0 1 0 1 
308 6 41 74 172 7 12 9 44 286 90 30 237 436 89 87699 62475 42901 39615 37978 43519 44344 48622 43906 37583 9 9 2 30 2 45 83 95 38 42 46 27 24 21 18 12 41 32 33 59 48 19 45 5 50 50 51 31 20 12 12 12 16 4 0 13 9 101 13 863 458 515 497 298 214 376 293 174 400 456 513 711 942 273 691 66 601 743 532 310 351 291 314 287 230 1 1 1 8 
1294 7 122 145 29 19 18 8 80 535 88 51 263 818 190 68659 66653 106992 50835 45315 38766 35610 34468 38120 80406 30 13 10 59 5 97 269 121 44 54 63 45 33 44 30 18 64 42 66 75 70 15 31 19 45 61 46 10 8 15 22 13 8 5 0 25 5 177 151 1308 569 705 587 498 343 364 222 172 517 458 609 803 820 315 343 169 549 907 649 95 172 131 266 173 199 1 1 3 21 
474 6 92 87 25 12 12 14 47 389 88 40 176 495 117 69897 54791 49142 76771 36950 37934 30077 29517 30434 27627 22 10 6 41 3 73 177 83 52 42 68 28 19 41 26 14 55 108 37 69 37 21 23 7 17 52 39 32 10 11 8 11 10 4 0 16 6 118 26 980 695 510 518 322 246 356 329 158 541 2026 356 796 367 274 280 99 368 555 404 415 118 180 290 234 162 0 2 3 8 
609 4 125 155 17 19 6 12 61 495 108 39 191 636 109 32469 31585 29150 29545 32282 19498 19758 17126 17074 16936 37 11 11 48 9 88 172 112 48 40 62 40 24 26 19 10 50 45 56 68 53 7 22 14 88 73 54 10 26 17 22 22 36 2 0 18 7 156 25 1163 519 498 656 387 229 314 273 164 497 471 608 665 608 164 336 115 1021 859 574 122 227 212 311 327 249 0 3 4 22 
359 8 41 105 25 9 7 8 38 307 68 21 159 303 148 22010 22293 23274 21516 22100 27315 17246 18032 17389 16189 27 4 5 27 2 77 95 91 35 50 68 173 17 33 30 13 47 33 94 110 33 10 22 11 52 41 39 161 16 14 16 33 19 1 0 8 9 118 13 985 457 422 460 3023 263 299 324 227 559 484 1178 1684 547 160 281 93 538 564 463 1911 182 165 221 398 179 0 2 1 13 
306 2 45 71 43 8 5 7 25 283 108 30 128 303 88 24429 21771 22589 18441 18953 25344 23661 17002 18110 17985 18 6 3 30 4 39 105 82 33 33 26 23 18 21 18 12 58 27 24 40 27 9 15 9 25 44 30 5 6 8 11 9 13 2 0 9 8 121 10 870 387 422 362 262 187 232 268 123 466 339 287 516 206 135 236 64 273 434 377 66 107 127 138 134 140 1 0 2 11 
309 10 51 49 20 12 6 13 44 296 124 22 127 334 85 20622 20135 19301 17344 16822 18241 27520 19226 18886 32523 19 7 12 34 4 36 100 82 35 29 32 27 18 27 31 16 38 29 34 42 19 12 20 6 27 40 34 8 7 12 14 16 13 5 0 21 18 81 14 847 360 326 332 250 191 198 222 122 420 322 277 486 212 119 181 56 285 412 296 63 125 127 165 185 139 0 2 1 8 
361 3 49 58 22 22 11 8 39 352 81 18 140 341 91 20554 21357 20288 17347 18277 18549 18419 30836 26535 21703 14 10 5 27 2 39 103 88 36 30 31 33 14 19 24 11 42 28 40 51 18 7 24 13 25 42 37 12 12 11 8 19 21 4 0 15 6 113 9 838 381 368 375 298 157 255 247 125 477 372 264 549 241 119 211 79 282 416 328 127 119 135 206 176 138 0 1 2 10 
296 6 35 50 7 8 4 6 32 352 62 34 133 268 145 25518 24496 24756 21679 22320 23933 24868 28345 34988 32262 11 10 1 14 4 41 79 77 31 37 36 24 14 18 24 15 36 36 33 57 31 8 17 6 33 32 42 8 12 18 12 7 16 1 0 11 9 100 6 855 337 355 333 350 161 218 223 224 441 344 275 516 233 134 215 65 340 454 416 123 91 114 147 167 150 0 0 2 12 
283 1 42 47 13 12 5 11 41 418 107 25 134 291 76 31178 30515 27533 25093 23335 24722 25891 27620 41370 52444 12 5 5 25 4 39 77 71 32 28 42 25 14 16 17 23 41 32 25 51 66 10 30 4 27 33 41 12 16 12 6 14 14 1 0 13 2 83 5 814 380 367 306 377 186 187 209 152 437 383 276 499 234 270 197 59 291 382 282 72 90 101 195 135 138 1 0 0 6 
3 1 1 2 0 0 2 22 212 17 0 0 12 12 1 17 57 28 20 7 6 11 8 11 11 23 2 0 0 5 3 4 0 1 0 37 0 1 1 0 0 0 0 1 2 5 0 40 0 0 2 0 0 0 0 9 2 0 0 0 13 0 7 0 1 2 0 7 1 1 0 0 1 3 1 1 1 1 3 14 0 0 1 1 1 0 0 1 2 0 1 0 0 0 
0 0 0 0 0 0 23 0 33 4 0 8 3 7 9 23 37 15 9 2 3 3 3 5 4 3 63 0 1 0 1 0 1 0 0 3 2 1 0 0 1 0 0 1 0 4 0 2 0 0 0 1 1 0 0 0 0 0 4 0 4 0 1 0 23 11 4 6 15 8 5 11 20 22 9 30 4 5 22 24 0 3 9 8 8 7 1 1 14 0 0 0 0 0 
0 1 5 0 0 0 0 0 1 0 0 1 0 2 11 2 7 2 766 2 1 1 1 1 1 0 0 20 0 19 0 0 0 2 0 1 0 0 0 0 0 0 0 0 0 1 0 0 0 0 0 0 0 0 0 0 0 0 0 0 0 0 0 0 3 5 0 1 1 0 0 1 2 0 0 1 0 2 19 1 1 1 0 1 3 0 0 0 0 1 0 1 0 0 
7 1 8 3 1 1 1 6 50 2 2 0 45 2 5 51 194 63 23 20 17 29 19 21 33 0 1 2 72 1 5 0 2 1 1 4 0 1 0 1 0 0 1 2 2 0 1 8 0 1 1 1 0 0 0 1 1 0 2 0 64 1 2 0 11 22 8 18 6 11 8 17 9 5 24 23 25 9 7 7 3 9 8 5 5 0 1 4 15 1 0 0 1 0 
0 1 1 1 0 0 0 0 1 0 1 0 0 1 0 2 5 3 8 0 0 3 0 1 2 4 0 4 0 15 3 0 2 1 1 0 0 0 0 1 0 0 0 0 1 1 0 0 0 0 0 0 0 0 0 0 1 0 0 0 0 0 2 0 0 0 0 0 0 0 0 0 2 1 0 1 1 0 0 0 0 0 0 1 0 1 0 1 0 0 0 0 0 0 
51 2 3 0 0 0 1 1 1 7 0 0 0 7 7 13 70 18 11 4 5 9 7 8 13 2 0 0 2 7 345 3 2 1 0 0 1 0 1 1 0 0 0 0 1 0 1 1 1 0 2 0 1 1 0 0 0 0 0 0 0 1 5 0 6 2 1 2 0 1 0 2 1 0 0 1 5 1 1 1 0 3 6 1 0 3 0 6 5 3 0 0 0 1 
103 1 252 70 14 5 0 11 27 34 1 1 2 15 8 225 928 392 174 92 97 89 136 146 183 5 0 0 2 3 5 310 4 10 6 11 4 7 2 5 4 6 2 2 7 20 0 3 1 16 9 7 2 3 8 2 4 6 0 0 1 4 10 0 42 61 57 63 19 18 26 50 22 15 40 66 111 194 13 27 8 118 77 85 35 16 25 11 52 18 0 0 0 4 
109 0 38 19 2 3 1 3 10 60 6 6 31 129 7 699 2734 1005 437 264 262 268 358 380 382 3 5 3 4 3 3 26 299 808 638 977 314 133 266 733 444 133 419 1192 1325 3469 138 250 41 2137 1324 1140 217 256 180 105 981 329 1 0 3 0 84 2 40 31 24 28 6 14 17 21 14 10 23 54 65 137 11 12 3 68 64 45 20 8 16 11 30 21 0 0 0 4 
24 0 4 0 1 2 0 0 2 6 0 0 3 18 0 80 198 58 58 35 29 20 36 32 35 0 0 0 0 0 1 11 562 220 65 46 595 43 29 42 243 35 27 138 41 24 749 24 4 164 89 27 166 10 17 14 585 18 0 0 1 2 1 0 126 19 11 8 128 2 7 6 38 3 2 22 10 6 187 4 3 30 7 5 43 5 4 6 21 1 0 0 0 1 
18 1 7 4 0 2 0 1 5 11 1 3 0 35 3 86 233 95 58 37 23 29 39 28 29 0 0 0 0 1 2 7 803 50 140 64 867 21 25 692 323 55 1233 65 69 19 557 33 4 99 98 104 195 24 17 14 64 25 0 0 0 0 5 0 102 4 9 8 30 3 1 62 18 8 32 13 3 3 69 9 0 15 10 10 23 3 4 1 11 3 0 0 1 0 
42 1 16 13 1 4 1 2 6 17 3 3 4 25 2 198 633 252 170 112 94 101 100 89 92 1 1 3 0 0 3 9 991 49 60 255 991 55 76 22 399 76 31 70 83 33 755 27 4 292 280 41 96 24 36 25 446 57 0 0 3 1 22 1 99 6 9 10 76 4 8 5 49 11 7 2 6 6 83 3 1 21 12 5 28 3 4 5 22 3 2 0 0 1 
139 3 43 32 2 3 6 2 6 62 0 5 18 79 2 685 2340 885 440 304 255 236 312 292 290 2 0 2 3 1 9 25 1191 186 216 546 1100 89 181 79 166 114 161 1377 313 1313 167 169 26 3051 1885 662 82 539 173 296 737 348 0 0 1 2 53 0 32 4 11 20 27 9 9 4 11 6 10 33 33 51 3 8 1 87 44 27 5 58 10 14 33 10 0 0 3 10 
15 0 1 0 0 0 1 1 1 3 0 4 4 15 0 58 130 50 40 36 25 22 14 24 31 0 3 0 0 0 0 3 214 27 70 17 715 260 24 15 151 18 13 105 35 8 75 5 2 79 39 70 115 21 8 11 34 6 2 0 1 1 1 0 55 1 9 8 24 8 2 3 46 2 2 24 6 1 26 4 0 17 9 5 26 9 0 3 4 1 0 0 0 1 
28 0 8 5 1 3 0 0 3 8 0 0 8 26 0 116 462 186 85 67 55 58 54 74 74 0 0 0 0 0 2 8 515 36 21 31 470 24 244 237 424 19 22 76 36 34 392 26 7 113 247 68 248 14 13 3 54 37 0 0 1 1 3 1 56 11 4 5 35 5 5 12 87 2 4 6 7 3 90 4 2 27 7 6 47 2 2 1 4 6 0 0 0 1 
29 0 5 4 1 3 2 1 4 8 0 2 7 12 0 168 436 174 83 48 47 41 41 62 63 1 1 0 1 0 2 7 1063 32 33 22 466 13 35 61 547 26 36 45 44 136 499 27 7 48 68 144 133 14 18 15 76 14 0 0 3 2 7 1 78 2 6 12 35 8 3 10 44 1 4 2 6 1 49 2 0 10 5 7 19 1 4 2 5 9 0 0 0 0 
18 1 3 6 0 0 1 6 1 21 2 0 6 31 2 119 385 159 94 50 50 69 54 65 68 3 0 1 2 1 4 6 1570 77 937 524 1227 447 285 22 163 58 328 860 456 2252 704 202 28 816 1122 1644 99 182 14 118 53 236 0 0 0 0 21 1 36 5 23 15 21 2 7 1 7 4 9 10 18 62 15 9 2 18 31 37 12 14 4 4 5 13 1 0 1 0 
14 0 1 2 3 2 3 0 3 7 0 9 4 22 0 55 131 52 24 31 19 20 22 23 19 2 1 0 0 0 0 6 349 47 71 44 131 16 30 57 65 95 59 51 70 38 327 39 2 147 52 26 84 18 13 5 15 9 0 0 0 0 6 0 90 3 6 5 30 4 2 5 8 6 13 6 6 5 113 7 0 36 12 7 16 2 1 4 2 3 0 0 0 0 
19 0 7 7 3 1 0 0 5 9 0 1 5 16 0 113 404 151 73 63 66 60 84 63 69 0 2 3 1 0 3 12 579 32 30 33 654 16 20 41 528 49 110 56 125 43 302 23 4 37 262 29 113 6 14 9 172 40 0 0 0 1 13 0 82 5 2 6 45 7 1 10 80 3 11 9 9 5 31 4 1 11 9 2 13 2 7 0 8 4 1 0 0 0 
56 0 26 5 3 1 0 2 71 17 4 3 10 46 1 323 974 360 187 111 98 105 137 143 138 9 12 0 2 1 1 14 1634 68 63 278 1886 102 42 39 1272 50 120 2082 105 38 1134 66 9 49 290 95 392 57 25 13 611 80 1 0 4 1 31 2 110 4 6 15 113 7 3 1 115 0 5 29 12 3 137 5 1 3 8 8 66 4 3 4 42 9 0 0 2 1 
33 0 10 7 0 4 1 1 5 10 3 8 4 37 1 115 366 168 109 53 25 51 50 50 60 1 0 5 0 1 1 17 1408 144 90 37 1035 32 47 31 530 50 32 41 223 36 689 191 5 63 177 42 92 23 36 17 152 35 0 0 0 1 12 0 192 10 12 8 160 4 8 9 65 7 4 4 13 5 90 9 3 3 10 5 14 1 2 6 12 4 0 0 0 0 
97 1 42 12 3 2 3 2 9 34 3 13 21 48 3 514 1688 660 354 193 178 189 219 218 229 3 1 1 3 2 7 30 2024 60 295 883 1942 26 1283 115 917 72 363 80 100 789 615 30 11 46 384 548 139 23 24 51 442 120 1 0 3 1 42 3 86 3 9 25 61 5 35 11 36 5 11 7 7 22 71 3 1 7 12 18 20 0 0 7 13 4 0 0 2 4 
51 2 18 8 0 1 0 3 7 37 8 8 12 78 6 281 1238 489 161 112 112 124 149 177 158 1 2 1 1 0 4 6 161 205 409 456 269 120 429 271 202 69 263 675 501 2164 1254 397 6 975 1023 543 742 653 387 208 831 60 1 0 1 1 33 0 16 7 9 14 5 11 17 18 4 6 13 17 10 66 25 12 3 19 22 24 29 12 15 12 16 17 0 0 0 1 
17 0 4 1 4 1 0 1 3 4 0 1 1 14 0 75 230 86 50 23 23 26 31 28 35 0 1 0 1 2 0 4 312 17 26 22 298 7 11 97 280 18 13 95 33 24 280 109 6 73 137 46 70 9 13 7 40 23 0 0 2 2 4 0 53 7 2 4 34 4 2 15 54 3 8 13 2 3 33 7 2 13 11 4 22 0 5 4 5 3 0 0 0 0 
13 0 0 0 0 0 0 0 0 1 0 0 0 7 0 7 28 8 9 8 3 7 10 12 6 0 1 0 0 1 1 2 29 3 9 2 6 3 2 3 13 7 3 4 61 6 12 4 25 6 3 15 121 1 26 2 3 6 0 0 1 0 0 1 6 1 2 1 6 0 3 0 1 2 0 0 0 2 2 1 7 0 2 3 18 1 5 1 2 0 0 0 0 0 
69 0 27 19 5 4 1 1 4 31 0 4 14 66 2 307 931 389 182 171 127 130 149 111 130 2 2 1 2 0 3 12 1369 91 163 704 1324 66 145 53 1155 34 213 1399 174 221 1017 56 9 340 679 553 259 44 22 27 434 95 0 0 1 2 18 1 90 8 5 34 60 3 9 2 41 5 9 36 9 14 137 5 3 8 23 15 34 2 6 2 22 8 0 0 0 1 
122 0 63 13 5 4 3 1 9 35 0 2 7 76 4 436 1669 673 314 226 197 189 239 229 231 2 2 3 2 2 1 16 874 84 125 78 811 42 64 651 425 46 132 77 138 57 428 67 5 54 1159 841 179 24 37 69 141 44 1 0 0 1 46 0 65 4 15 9 40 4 8 28 28 3 27 7 15 12 29 11 0 9 36 50 31 4 8 10 10 7 0 0 1 6 
62 1 12 7 6 3 1 1 2 12 0 2 2 48 0 195 752 243 148 103 77 85 92 71 73 3 1 0 0 0 5 18 1908 48 243 41 1458 17 28 505 620 34 61 104 69 39 1304 24 40 180 368 593 129 21 37 25 510 136 1 0 0 2 16 0 109 21 10 3 62 1 4 35 56 10 7 6 3 2 64 2 3 23 13 9 13 11 3 4 25 5 0 0 0 2 
38 0 2 6 0 5 1 0 3 10 2 0 0 12 2 46 194 109 56 26 26 28 31 41 39 0 2 1 1 1 7 0 208 122 199 152 470 65 218 52 244 29 101 514 214 452 27 201 7 567 655 437 41 208 9 67 78 114 1 0 0 0 6 0 10 6 6 18 8 5 7 4 9 3 8 13 6 14 5 21 1 15 25 19 3 6 5 4 7 6 0 0 1 1 
5 0 1 1 0 0 1 0 1 3 1 0 1 8 0 27 116 29 63 15 13 14 22 26 11 0 0 0 0 1 0 4 480 20 19 15 1443 6 12 11 367 9 7 14 27 9 85 13 3 54 34 10 20 15 4 10 38 13 0 0 1 0 3 0 32 4 4 3 43 1 4 5 32 3 4 0 4 3 3 4 3 1 1 2 3 3 0 4 4 0 0 0 0 0 
14 2 7 1 1 0 0 0 1 2 0 0 1 9 0 46 161 79 37 28 22 23 28 34 21 1 1 0 1 1 5 19 196 8 10 17 177 7 31 20 123 7 27 23 12 291 101 17 8 14 65 19 8 5 31 8 15 8 0 0 0 1 3 0 40 4 4 3 24 1 5 5 22 3 2 1 3 3 29 1 4 6 10 5 6 3 5 3 4 4 0 0 0 0 
17 1 1 0 1 0 0 0 0 5 0 0 4 9 0 36 161 72 75 38 18 27 27 23 30 0 0 1 0 0 1 4 48 9 22 24 30 3 2 11 101 4 7 11 13 11 36 14 4 15 26 24 12 8 1 236 212 10 0 0 1 0 4 0 5 3 3 5 8 1 2 2 3 4 2 2 3 1 5 2 1 3 3 3 0 1 3 47 9 1 0 0 0 0 
87 2 27 8 3 5 2 1 9 42 3 4 18 51 2 403 1326 580 243 183 145 164 198 175 169 4 1 1 4 0 9 15 487 84 57 82 236 78 26 22 53 49 37 154 66 370 301 36 6 77 316 76 58 17 13 35 77 107 0 0 3 8 29 2 16 3 3 6 15 4 2 4 5 1 1 4 7 6 52 2 1 6 8 3 15 3 2 6 5 6 0 0 0 4 
28 0 9 4 1 0 0 0 1 11 0 1 4 12 0 99 313 123 58 29 40 32 49 50 40 1 0 0 1 0 1 5 287 5 5 7 161 5 10 16 78 10 12 21 21 10 110 5 5 10 10 20 41 2 8 30 139 231 0 0 1 1 7 0 29 2 2 1 16 0 2 0 4 2 1 1 0 1 10 0 1 4 2 4 4 1 5 5 1 30 0 0 0 1 
0 0 1 0 0 0 1 1 1 2 0 4 1 1 1 9 13 7 3 5 4 8 2 1 5 0 4 0 9 0 0 0 1 0 0 0 1 1 0 0 2 0 0 0 0 0 0 0 0 0 1 0 1 0 0 0 0 0 9 0 52 2 0 0 6 3 2 7 1 1 2 17 3 0 7 3 3 2 5 14 0 3 0 1 3 11 2 9 0 0 0 0 0 1 
0 0 0 0 0 0 0 0 0 0 0 0 0 0 0 0 0 0 0 0 0 0 0 0 0 0 0 0 0 0 0 0 0 0 0 0 0 0 0 0 0 0 0 0 0 0 0 0 0 0 0 0 0 0 0 0 0 0 0 0 0 0 0 0 0 0 0 0 0 0 0 0 0 0 0 0 0 0 0 0 0 0 0 0 0 0 0 0 0 0 0 0 0 0 
0 0 2 0 0 0 2 0 0 3 1 7 2 0 1 3 27 3 2 3 2 4 2 8 7 0 5 0 3 0 1 1 1 0 0 1 0 0 0 0 1 0 1 0 0 3 0 0 0 0 0 0 0 1 0 0 0 0 9 0 21 2 1 0 3 7 0 20 3 1 4 13 8 13 15 2 6 10 2 9 1 1 2 0 5 4 0 4 4 1 0 1 1 0 
3 1 1 6 13 22 0 12 4 15 0 1 4 2 0 4 9 10 5 3 1 6 3 1 6 0 0 0 0 0 0 4 0 1 0 1 1 1 1 0 0 0 1 1 1 0 1 1 0 1 2 0 1 0 0 1 2 0 1 0 4 99 19 0 5 0 0 3 2 2 2 3 2 2 2 3 1 2 5 2 0 0 1 1 2 0 0 0 2 0 0 0 0 0 
25 4 22 8 1 2 0 4 6 33 12 0 14 16 2 1829 3942 1660 542 355 352 493 454 626 984 5 0 6 2 0 7 16 24 22 11 15 14 15 24 8 2 19 20 20 29 15 7 13 4 20 17 27 7 5 5 12 6 6 0 0 0 18 249 2 197 228 132 148 85 73 122 77 52 127 134 150 278 87 78 128 14 143 178 102 53 41 35 116 83 41 0 2 0 2 
0 0 1 0 0 0 0 0 0 1 1 0 1 0 0 11 95 15 4 9 7 3 5 6 11 0 0 0 3 0 0 0 0 0 0 1 0 0 0 0 0 0 0 0 0 0 0 0 0 0 0 1 0 0 0 0 0 0 0 0 0 0 0 36 3 0 1 1 3 0 0 0 0 2 1 1 1 0 1 2 0 1 7 1 0 0 0 1 0 1 0 0 0 1 
1191 22 437 181 26 38 36 33 92 741 114 107 441 1570 90 9182 28320 12286 5046 3570 3440 3626 4920 5684 5749 44 48 53 71 13 124 330 51 60 42 57 13 17 23 35 10 30 28 61 81 105 8 22 11 70 63 47 11 5 15 20 28 20 9 0 35 18 1362 43 5383 13823 11834 15784 5720 2595 5529 11290 10530 2985 9075 22323 21239 64057 2683 5281 769 36161 20739 21776 4687 4654 4019 2616 17770 5506 1 7 9 51 
159 1 28 14 3 3 14 2 12 46 10 20 29 180 11 826 2588 1061 655 496 332 318 441 392 428 1 7 7 12 0 8 45 11 7 3 6 9 2 1 2 8 4 6 9 4 17 17 4 1 4 6 5 7 4 1 1 5 1 2 0 8 3 44 2 11136 3419 893 670 12289 778 482 586 5083 456 392 2354 698 400 11777 270 95 2548 1498 335 3797 223 235 128 8033 573 2 0 3 3 
164 1 37 23 5 9 5 1 16 60 17 43 40 259 12 1103 3036 1335 905 570 386 431 570 580 609 2 3 8 16 3 13 58 27 8 6 11 23 3 9 21 3 6 32 4 5 2 6 4 1 6 14 7 7 5 6 3 1 4 3 0 10 4 76 4 13682 671 2111 909 12628 427 480 13637 4707 671 20699 1407 884 345 10825 497 122 1916 1739 1601 3687 385 277 246 1367 288 0 3 2 4 
500 5 109 66 7 10 10 9 18 163 23 56 114 449 19 2871 7926 3450 2052 1531 1202 1309 1535 1584 1561 15 30 19 35 6 44 114 27 12 11 16 23 13 12 9 9 10 23 8 17 6 23 7 4 11 18 8 3 4 4 1 10 8 20 0 18 5 246 12 15132 864 966 3710 15051 762 1424 848 7904 1225 712 1102 1523 679 11763 535 106 3904 4344 725 2310 271 526 349 6329 1098 0 0 1 13 
1820 20 429 238 21 31 65 36 114 757 73 92 383 1388 59 9777 27732 12947 6180 4641 3626 3847 4843 5199 5043 50 47 86 63 13 196 259 63 44 27 47 24 17 38 15 13 26 26 61 51 36 13 13 6 116 89 54 15 7 10 34 25 24 5 0 55 20 1017 55 18380 3903 4178 10199 20759 2004 3633 1876 4614 2098 4067 25371 7006 26975 3406 3322 336 51826 29800 12470 1730 9663 3874 5581 11644 4545 3 2 12 81 
132 1 27 10 3 2 9 2 4 41 7 11 18 122 9 567 1594 671 470 436 303 278 326 341 329 3 17 3 8 1 9 16 6 4 5 3 14 10 13 5 2 6 2 4 4 11 3 0 2 6 4 5 3 3 3 5 4 3 0 0 5 2 36 5 4220 294 1148 410 8120 4334 460 283 3194 226 213 1513 448 208 1982 181 58 1239 546 1101 1889 195 145 155 655 97 1 0 0 4 
359 0 95 54 3 7 8 3 12 120 12 54 77 328 11 2084 6487 2645 1421 1109 921 964 1167 1263 1220 10 16 11 13 3 38 93 13 5 5 6 14 7 14 10 0 10 3 8 5 1 13 3 0 10 6 19 13 3 2 3 6 4 7 0 25 4 159 6 9660 670 459 593 9107 385 3667 4205 7628 336 444 1405 782 830 6178 409 104 2361 3843 1177 4178 237 248 201 1242 729 0 0 1 11 
389 2 57 32 4 13 15 6 18 127 13 35 56 275 9 2422 6036 2653 1216 933 702 788 987 1143 1147 4 32 15 14 2 27 96 31 6 9 0 13 4 7 6 9 5 8 4 6 4 13 1 3 7 11 10 2 5 5 4 7 0 8 0 30 4 155 8 19200 474 525 510 9596 294 460 913 11463 526 747 961 951 2012 10407 432 106 1274 1263 2314 3266 222 268 204 1859 235 0 1 0 15 
305 3 70 52 3 8 10 5 29 147 15 19 118 346 18 2216 6495 2728 1353 1018 978 830 1128 1428 1335 8 15 18 17 4 34 105 59 10 19 15 49 16 12 6 83 9 17 25 16 119 15 5 4 19 41 46 3 5 6 18 3 16 4 0 14 8 228 6 20757 1691 16042 8417 22388 5606 5425 787 2626 1192 7242 15653 8490 41542 9617 3714 660 14309 19346 23335 1814 3470 534 2454 1124 4142 0 2 1 15 
78 0 6 4 1 3 11 0 4 26 5 27 22 121 3 540 1437 673 347 289 198 193 301 254 286 3 4 4 1 1 3 22 8 1 5 2 4 5 2 2 1 2 4 5 3 1 6 4 0 3 6 1 4 3 2 0 6 2 2 0 0 0 32 1 7813 655 976 641 3824 281 373 781 1833 1207 917 620 986 454 6601 566 87 2067 761 510 1984 254 326 86 222 142 0 0 0 2 
309 0 70 30 3 8 13 8 14 110 12 52 77 276 9 1688 5442 2352 1237 1027 859 1114 1574 1427 1204 12 19 13 16 0 48 105 24 5 5 6 16 8 5 4 17 7 9 13 8 7 8 4 1 1 13 5 7 2 2 5 11 9 9 0 16 3 128 13 13166 495 631 642 12862 241 334 869 11533 604 1903 1285 1406 628 6755 458 101 793 5211 718 2783 138 372 173 4089 628 0 0 0 8 
597 1 220 76 9 16 16 9 49 253 21 61 141 608 24 4128 10644 4917 2494 1752 1412 1588 1902 2171 2299 23 125 28 23 4 60 191 47 10 9 16 30 7 12 10 15 15 13 34 16 7 26 12 5 5 11 13 7 3 4 8 18 4 7 0 51 8 402 13 25575 1139 1146 4592 31990 1962 778 726 21231 737 2012 30083 2260 533 19338 1018 122 721 5083 2019 8060 1563 387 315 10442 1629 1 3 1 13 
330 5 82 37 3 12 9 7 16 113 27 89 72 387 9 1772 5000 2231 1381 949 699 737 964 943 893 5 11 14 20 3 33 99 27 10 3 9 28 4 5 8 7 3 6 14 7 30 19 9 0 11 9 10 4 0 6 9 9 2 1 0 7 5 161 9 24029 2956 1534 723 18965 463 694 626 10468 872 671 742 4094 855 11494 3369 125 900 2906 776 2123 321 455 427 2976 719 2 0 2 14 
1087 14 334 150 14 35 55 19 70 472 44 68 273 971 36 7907 20826 9579 4661 3434 2943 3142 3864 4021 4153 24 24 62 37 13 85 259 83 30 20 45 56 13 75 20 22 18 32 26 35 24 19 16 11 14 36 34 6 3 13 23 12 16 3 0 27 14 709 34 30162 1326 4788 15667 31734 582 25807 2992 16258 1718 7830 1360 1805 14318 11330 630 245 1260 7934 9911 2955 456 498 964 6364 2462 1 2 7 45 
613 13 181 80 11 17 12 17 57 342 63 68 237 886 54 4417 13844 6006 2455 1696 1651 1831 2441 2706 2787 19 18 26 40 10 82 129 19 21 24 18 6 9 19 7 10 11 12 35 21 127 32 16 2 32 33 35 25 15 15 12 12 5 5 0 10 6 631 8 3188 4496 7130 7302 5586 2408 8517 5183 3928 1426 5690 13073 10137 36755 21371 7440 172 17966 15208 10902 10817 10244 7068 5040 12480 1438 3 5 3 11 
196 3 26 24 1 4 4 2 15 57 7 17 42 209 8 976 2872 1144 732 502 364 403 438 480 501 4 14 3 3 0 19 36 11 2 2 6 10 2 0 7 7 1 3 5 3 54 8 5 1 2 4 5 2 2 3 1 3 6 19 0 9 4 45 3 6454 284 493 326 5993 194 298 1871 4978 339 360 1836 508 306 6276 2696 123 1373 2639 779 1943 142 250 141 1254 372 0 2 3 3 
9 0 5 1 0 1 0 1 2 8 1 2 4 29 5 83 344 151 71 70 41 39 65 80 47 0 2 0 2 0 4 3 1 0 0 1 1 3 1 1 0 2 0 2 3 2 3 1 3 3 2 4 2 0 0 1 1 2 0 0 3 0 8 1 343 80 92 71 122 46 61 118 219 49 82 49 470 86 339 110 260 100 114 243 1804 47 320 68 68 68 0 0 0 3 
799 9 270 119 20 16 24 9 61 324 32 30 174 763 41 4686 13389 5939 3414 2594 2109 2239 2616 2847 2561 8 34 33 28 9 77 188 42 21 11 56 35 15 16 11 19 9 11 33 17 12 23 14 6 8 25 32 5 2 7 18 15 16 5 0 31 5 445 14 23723 1950 2622 10659 22420 1215 2769 688 20771 850 4372 16858 3207 4505 18440 1250 144 5719 11267 9144 5563 892 525 506 7381 1487 0 1 2 52 
1575 13 794 132 15 39 18 24 73 523 49 77 277 1102 37 7016 20630 9365 4723 3672 2906 3052 3790 4002 3829 45 63 48 65 6 128 229 54 15 8 10 21 14 15 24 17 16 11 13 25 16 19 6 6 15 51 26 8 6 6 20 10 9 3 0 39 8 695 35 13401 1197 2363 1283 14982 900 1149 12559 7708 823 3544 1629 2906 1058 7526 1338 197 1189 17515 13580 3918 387 679 828 2428 684 1 0 4 35 
712 5 141 93 10 16 10 5 28 178 12 20 118 520 25 3332 9829 4164 2328 1813 1520 1631 1870 1863 1827 14 14 19 15 5 71 188 73 10 9 11 37 0 6 18 8 15 8 4 16 6 42 6 1 16 14 12 10 1 3 10 20 10 3 0 17 5 254 10 27402 798 2861 641 24250 342 504 9979 11935 1207 1111 1646 1240 674 18963 483 472 3323 6465 10648 3401 382 707 443 7699 2952 1 0 3 12 
284 1 39 47 1 12 6 3 16 98 8 19 32 168 11 822 2580 1655 628 478 423 425 547 652 549 9 18 17 9 3 37 45 10 7 6 5 9 6 6 5 6 4 6 21 12 13 3 15 0 17 28 21 3 4 1 7 5 6 4 0 7 4 96 7 3603 2829 4354 3661 6696 1504 4305 1271 4113 596 2824 9646 4829 10668 572 3566 161 9202 11500 9779 832 3627 342 1363 1762 1717 1 0 1 13 
81 0 14 11 0 7 17 0 3 21 2 27 10 96 7 329 1196 509 562 249 166 217 223 251 213 0 4 2 2 1 9 47 12 2 2 0 24 4 3 1 8 6 1 4 2 4 2 2 3 2 7 5 15 2 2 1 3 0 5 0 6 1 26 1 7463 370 316 284 22133 154 195 221 6476 212 165 246 408 257 1474 253 61 1017 781 189 541 310 118 107 905 242 0 0 0 1 
120 0 35 17 2 1 3 2 7 38 3 12 29 105 16 549 1899 865 484 360 308 335 368 362 317 2 7 5 11 0 25 34 3 2 4 9 9 2 6 3 4 4 6 2 7 5 0 5 3 3 6 7 2 2 4 1 3 2 1 0 9 1 50 3 5023 279 197 390 3922 147 643 442 2867 186 551 595 357 3033 2115 184 138 363 1399 375 294 76 496 127 383 179 0 1 0 5 
214 3 25 12 4 2 2 2 11 46 5 6 66 130 10 767 2730 1283 922 502 359 455 489 446 476 0 3 5 5 0 12 24 2 4 2 56 4 1 4 5 0 2 1 4 3 6 7 8 2 4 6 1 3 1 3 66 4 3 1 0 6 2 84 2 859 117 378 270 643 81 86 118 1675 95 128 230 178 117 1020 202 71 169 532 417 295 105 84 4112 2367 310 0 1 1 8 
1028 12 304 159 14 27 44 18 74 453 29 38 210 670 44 5348 15691 7012 3171 2424 2056 2524 2911 2843 2935 30 21 53 39 9 83 155 22 25 17 22 11 7 20 13 7 21 9 20 25 14 19 15 4 12 11 9 6 2 6 15 14 6 29 0 40 10 561 31 8413 1429 1170 1712 4796 1229 656 471 928 643 913 3269 1434 6516 5273 739 156 1395 4634 1282 1597 289 257 705 1453 1344 3 0 10 50 
217 1 57 20 0 4 3 4 8 69 11 8 35 171 6 1132 3323 1477 629 475 347 380 484 563 555 7 2 5 5 2 12 58 19 2 4 4 8 3 7 1 4 5 0 3 2 1 3 3 2 2 7 4 6 1 4 7 1 23 3 0 13 3 124 4 5955 140 186 147 2954 110 134 341 1982 143 377 587 502 211 1822 111 80 234 314 366 997 102 117 467 1931 3957 0 0 1 4 
0 0 0 1 0 0 0 0 0 0 0 0 0 0 0 1 4 1 0 2 0 0 0 1 0 0 0 0 0 0 0 0 0 0 0 0 0 0 0 0 0 0 0 0 0 8 0 0 0 0 0 0 0 0 0 0 0 0 0 0 0 0 0 0 0 0 0 0 0 0 0 0 0 0 0 0 0 0 0 0 0 0 1 1 0 0 0 0 0 0 2 0 7 0 
3 0 0 0 0 0 0 0 0 0 0 0 1 0 0 0 4 1 0 1 0 0 0 1 0 0 0 0 0 0 0 0 1 0 0 0 0 0 0 0 0 0 0 0 0 0 0 0 1 0 0 0 0 0 0 0 0 0 0 0 0 1 1 0 1 0 0 0 0 0 0 0 1 0 0 0 0 0 0 0 0 0 1 1 0 0 0 0 0 0 0 4 0 1 
0 0 2 0 0 0 0 0 1 0 0 0 0 0 0 0 7 1 1 0 0 2 1 0 1 0 0 1 0 1 1 0 0 1 0 0 0 0 0 0 0 0 0 0 0 0 0 0 0 0 0 0 1 0 0 0 0 0 0 0 3 0 0 0 0 0 0 1 1 0 2 0 0 0 0 1 1 0 0 0 0 0 0 0 0 0 0 0 0 0 7 0 1 0 
24 0 0 1 0 1 0 0 2 16 0 1 1 1 0 4 48 11 4 1 1 3 1 3 7 0 0 0 1 0 1 2 0 0 0 0 0 0 0 0 0 0 2 0 0 0 0 0 0 0 0 0 0 0 0 2 1 0 0 0 0 0 1 0 4 5 1 3 0 1 1 0 0 1 1 1 1 2 0 0 0 1 1 0 0 0 1 1 1 0 0 0 0 49 
