2453 8 27 29 9 9 1 7 12 66 0 0 3 13 1 68 269 135 56 27 24 24 44 24 36 4 1 4 2 1 34 199 4 2 5 0 1 3 2 1 0 3 0 0 3 2 2 2 3 1 2 0 2 0 1 2 0 2 1 0 0 7 2 4 7 1 13 3 11 1 3 5 3 3 3 4 9 21 6 3 0 17 8 11 2 0 0 14 6 4 0 0 0 21 
3 7 3 1 0 1 0 1 2 0 0 3 0 1 0 2 6 4 3 0 0 2 0 2 1 0 0 0 0 0 0 0 0 0 0 0 0 0 0 0 0 0 1 1 0 1 0 0 0 0 0 0 0 0 0 0 0 2 0 0 0 0 0 0 2 0 0 1 0 0 0 0 0 0 0 0 0 0 0 0 1 1 2 0 0 0 0 1 0 1 0 0 0 0 
52 0 148 86 6 2 5 3 2 6 0 0 0 1 3 93 2694 347 168 88 80 61 99 88 67 0 0 0 2 3 0 24 1 0 0 2 1 2 0 0 0 0 0 3 0 3 0 1 1 0 0 0 0 0 1 0 0 1 0 0 0 2 1 0 3 0 2 2 0 0 0 2 1 1 1 3 1 2 0 1 1 2 4 1 1 1 1 2 1 0 0 0 0 1 
24 0 16 438 63 6 0 0 6 23 0 0 2 1 0 28 102 33 25 30 17 13 14 13 18 1 0 1 0 0 2 16 1 0 1 0 1 1 1 0 1 0 0 1 0 0 1 0 0 2 0 4 0 0 0 0 1 2 0 0 1 7 2 0 8 5 2 3 12 2 1 11 3 1 1 0 4 2 5 1 1 1 4 6 5 1 0 1 3 0 0 0 0 1 
5 0 5 6 31 16 0 5 4 3 1 0 0 0 1 3 12 4 4 3 6 0 5 1 3 1 0 0 0 1 0 4 1 0 0 0 0 0 0 0 0 0 0 1 1 0 0 0 0 0 0 1 1 0 0 0 0 0 0 0 0 38 0 0 3 1 0 1 2 0 0 0 0 1 0 1 0 1 0 0 0 0 0 0 1 0 0 1 2 0 0 0 0 1 
5 0 2 11 8 25 0 7 4 28 0 0 0 1 1 5 15 12 13 3 3 4 10 4 4 0 0 1 0 0 1 6 2 2 2 1 0 0 1 0 1 2 1 2 10 3 0 1 0 0 2 2 2 0 0 0 0 1 0 0 0 5 0 0 12 5 11 6 7 3 2 4 11 12 8 3 57 2 2 6 0 4 4 7 5 1 1 0 1 1 0 0 0 0 
1 0 9 0 0 0 9 1 1 0 1 0 0 1 1 14 10 4 2 0 2 1 4 5 7 0 4 0 1 0 0 0 0 0 0 0 0 0 0 0 0 0 0 0 0 0 0 1 0 0 4 1 0 0 0 0 1 0 2 0 2 0 1 0 5 3 2 3 3 3 1 0 0 1 4 1 1 1 2 0 1 2 99 5 0 1 1 0 3 5 0 0 0 0 
7 1 10 5 2 11 0 35 65 43 0 0 1 1 0 4 10 8 5 4 2 4 6 11 3 7 0 0 2 0 1 7 2 1 0 0 0 1 2 2 2 0 11 97 1 1 2 2 0 1 1 0 1 0 1 2 3 0 0 0 0 3 2 0 1 2 0 0 0 0 1 0 0 1 1 9 2 1 0 4 0 0 2 1 2 0 0 0 1 0 0 0 1 0 
21 1 5 10 4 15 0 15 66 32 0 0 3 7 0 31 49 23 6 7 0 4 6 6 15 7 1 2 5 1 3 4 1 1 1 0 0 0 0 0 0 0 0 2 2 0 0 1 0 0 1 1 0 0 0 0 0 0 0 0 0 6 3 0 3 1 0 3 1 0 1 0 1 1 1 0 3 3 0 2 0 2 2 1 1 1 2 3 1 2 0 0 0 2 
42 1 13 17 8 17 2 24 40 1675 23 1 93 16 48 129 343 138 48 37 53 39 66 94 104 4 1 1 3 3 4 10 2 1 2 4 0 0 2 1 5 1 4 3 0 3 1 1 0 5 5 3 2 1 1 2 3 2 0 0 3 6 6 1 15 7 11 5 4 7 2 6 10 12 15 9 16 11 5 5 0 11 6 2 2 3 2 2 10 1 0 0 1 35 
2 0 4 4 0 0 0 0 2 18 166 0 73 7 2 29 120 47 16 30 20 31 19 21 36 1 0 0 0 0 0 0 2 0 1 0 0 0 0 0 0 1 1 1 1 1 0 1 1 0 0 0 1 0 1 0 0 0 0 0 0 0 2 0 14 2 4 4 5 1 3 9 1 8 3 6 23 1 1 4 0 3 5 7 3 2 1 1 4 0 1 0 1 0 
3 0 1 0 0 0 1 1 1 1 0 68 3 119 5 39 99 40 50 17 19 8 15 18 22 0 6 0 1 1 1 0 3 0 1 1 0 1 1 4 2 2 0 3 0 1 0 1 0 1 2 2 0 1 1 0 0 0 1 0 11 2 1 1 15 13 5 17 10 17 14 9 6 23 50 6 19 4 14 14 2 5 22 8 6 15 2 3 6 3 0 0 0 0 
3 0 0 3 0 1 0 0 13 62 51 4 228 20 2 484 710 307 143 87 102 93 144 160 256 1 0 0 27 1 1 1 4 5 5 10 2 2 2 3 3 5 2 2 4 6 5 3 1 4 5 4 3 0 0 11 1 1 0 0 2 3 5 0 50 18 15 33 49 14 35 14 11 43 43 25 61 25 23 24 3 31 33 38 17 8 4 203 35 14 0 1 0 0 
47 0 7 5 0 1 4 0 2 23 9 114 54 2187 72 521 1150 410 190 118 191 127 147 158 306 1 3 8 2 1 13 9 24 11 13 8 10 4 2 5 2 9 7 13 15 7 5 10 0 7 17 5 3 5 3 5 3 1 0 0 5 0 6 1 119 60 107 71 67 55 55 50 36 45 54 64 135 57 53 57 7 58 114 54 24 24 26 130 67 24 0 0 1 0 
2 0 2 1 0 0 0 1 1 88 3 2 8 20 175 167 193 136 60 28 36 36 76 87 116 0 1 2 3 0 7 0 0 2 3 0 2 0 0 0 0 0 1 1 1 1 1 1 0 2 1 0 1 1 0 0 0 0 0 0 1 0 0 0 13 7 3 6 6 0 2 1 3 5 3 4 6 7 8 4 1 1 3 2 5 2 3 2 1 0 0 0 0 0 
311 4 41 69 187 9 13 3 50 288 90 14 163 368 51 61627 40647 25854 23230 22202 26726 29135 33444 29345 23863 15 6 7 24 3 39 105 50 23 24 30 15 11 18 21 12 29 16 31 38 27 8 15 4 33 28 16 15 7 9 10 10 13 2 0 12 7 82 17 549 250 316 317 194 107 230 184 172 277 237 303 330 467 167 205 28 316 377 277 153 198 168 221 170 146 0 1 0 6 
1095 6 110 132 22 18 18 5 87 520 93 30 171 672 87 39863 37610 61746 31878 27958 24174 21802 21205 23759 21789 20 9 8 58 12 102 215 82 32 31 44 17 17 23 13 14 28 17 20 31 18 8 13 4 20 39 18 4 3 3 19 11 16 4 0 26 9 115 112 733 292 347 330 326 156 197 162 121 263 225 199 295 376 132 150 63 257 432 278 44 53 63 153 142 122 0 3 4 27 
480 7 114 87 18 14 11 6 55 367 92 27 123 467 75 29428 36252 29993 59586 22250 21252 17805 17910 18435 17281 22 6 2 36 5 78 156 64 41 30 32 17 15 9 15 9 34 70 20 25 18 9 9 3 20 24 12 15 7 5 12 13 16 4 0 22 5 102 24 555 361 272 241 203 126 216 140 98 261 1109 139 366 195 146 122 56 156 224 168 204 67 56 179 100 114 0 1 4 13 
654 7 91 138 22 11 13 10 69 473 99 43 125 595 88 20610 20118 19413 18317 21107 12917 12830 11223 11358 11509 28 6 18 49 8 90 189 57 32 12 43 25 15 21 12 10 31 21 28 25 24 9 16 7 45 41 22 5 9 12 16 18 16 3 0 21 6 118 22 581 262 252 374 210 123 146 145 98 251 205 264 313 298 55 121 62 596 392 228 44 86 80 222 175 179 1 2 4 21 
394 6 52 121 31 8 9 2 48 355 64 11 105 328 93 15096 14759 15653 15178 13742 18967 11419 12511 11649 11073 14 6 11 27 6 63 100 77 27 26 31 46 13 20 24 16 36 21 44 65 27 8 7 4 18 23 20 84 3 9 9 22 10 3 0 17 4 74 24 591 222 281 276 743 142 160 148 130 287 248 381 1026 287 98 116 34 234 286 212 1121 71 59 136 237 127 2 2 0 6 
360 2 51 58 37 11 7 2 32 310 100 18 122 277 37 16679 14254 15284 12414 12387 16153 16582 11346 12359 12342 10 5 5 23 4 51 87 65 20 22 26 16 19 19 13 14 29 12 12 29 15 4 7 2 13 14 18 2 3 5 6 8 9 3 0 11 10 89 8 533 238 240 199 147 103 151 155 83 262 157 120 222 96 44 93 38 154 194 194 32 61 34 87 73 102 0 0 2 12 
333 5 38 49 17 15 8 2 45 329 111 20 94 314 39 14221 13524 12805 11786 10913 11897 18780 12456 12645 22260 11 2 6 21 6 52 85 55 20 12 18 8 14 25 14 13 30 17 17 29 15 6 7 2 11 18 13 15 4 4 4 7 5 3 0 17 8 68 16 455 202 219 177 150 133 144 120 101 232 166 115 220 98 71 104 20 124 220 140 30 56 57 87 78 79 0 1 5 12 
391 8 42 74 10 25 6 10 55 368 57 23 114 298 62 14151 14261 12968 11499 11671 12094 11933 19623 17385 14330 11 7 6 30 4 33 98 54 24 14 22 17 13 21 18 4 30 9 17 36 10 6 19 6 13 24 23 3 5 3 14 9 4 2 0 17 6 60 18 442 207 197 191 198 111 148 115 72 224 123 130 249 108 53 96 31 117 181 148 45 59 52 157 88 106 0 0 1 18 
284 3 35 50 20 9 5 11 44 340 67 15 80 248 74 17319 16389 16497 14205 14699 15656 16532 19315 22813 22655 10 4 2 18 2 37 90 35 36 15 32 16 10 12 17 11 25 12 12 24 14 7 5 4 16 16 16 2 4 4 5 7 13 2 0 13 7 66 8 524 186 220 157 201 106 147 117 130 256 139 121 229 89 66 96 28 162 213 163 40 39 43 98 92 100 0 0 2 9 
298 7 41 57 18 5 8 14 39 371 86 12 104 262 51 22234 21031 19633 17630 16348 17521 18897 19933 31041 39272 17 6 3 21 1 27 79 57 25 23 21 20 14 13 10 9 26 11 18 28 23 3 11 5 12 21 11 1 7 3 5 2 11 4 0 19 7 54 15 445 202 199 210 238 90 129 130 104 240 178 119 214 104 98 101 28 150 182 137 31 54 43 80 60 97 0 1 2 7 
0 1 0 1 0 0 0 7 170 12 0 1 16 16 0 13 50 21 13 11 5 2 2 10 9 23 3 0 0 1 1 6 0 0 1 43 1 0 0 0 0 0 0 0 1 0 0 36 1 0 1 0 0 0 0 1 1 0 0 0 12 0 4 0 0 0 0 5 0 0 0 0 0 1 1 1 1 1 2 11 0 0 2 0 1 0 0 1 2 1 0 0 1 0 
3 0 1 0 0 0 13 0 20 4 0 4 3 6 1 14 32 18 4 6 6 7 3 1 8 5 36 1 1 0 0 0 0 0 1 0 0 0 0 0 0 0 0 0 0 1 0 3 0 0 1 0 0 0 0 0 0 0 1 0 5 0 0 0 7 9 1 13 14 6 4 9 2 12 15 11 1 2 13 25 0 0 5 11 3 4 0 1 6 0 0 0 1 0 
0 0 1 0 0 0 0 0 0 0 0 0 1 0 9 0 4 3 552 3 0 0 0 1 2 0 1 11 0 16 0 0 0 1 0 0 0 0 1 0 0 0 0 0 0 0 1 0 0 0 0 0 0 0 0 2 0 0 0 0 0 0 0 0 1 2 0 0 1 0 0 0 1 1 0 0 2 0 2 0 0 0 1 0 0 0 0 1 0 4 0 0 0 0 
3 1 8 2 0 1 0 2 44 2 2 2 22 0 6 36 102 39 19 9 18 16 7 15 20 1 1 7 56 1 4 0 1 1 1 2 0 0 0 0 0 0 2 2 1 1 0 5 0 0 0 0 0 0 0 0 0 0 3 0 55 0 2 1 4 5 5 4 3 2 3 4 0 2 7 4 14 1 4 8 0 3 3 2 2 0 1 2 4 2 0 0 0 0 
1 0 2 1 0 0 0 0 0 0 0 0 0 1 0 2 6 1 5 0 0 0 1 2 1 1 0 12 0 8 2 0 0 0 0 0 0 0 0 1 0 2 1 0 0 0 0 0 0 0 1 0 0 0 0 0 0 0 0 0 0 0 1 0 0 1 0 0 1 0 0 0 0 0 0 0 0 0 0 0 0 0 0 0 0 0 0 0 0 0 0 0 0 1 
45 2 2 0 0 0 0 1 3 3 2 0 1 6 2 10 40 18 5 6 4 1 4 4 9 0 1 1 0 2 296 1 0 0 0 0 1 0 0 0 0 0 0 0 0 0 0 0 0 0 0 0 0 0 0 0 0 0 0 0 1 0 4 0 4 0 0 1 2 1 1 0 0 1 2 0 2 1 2 0 1 0 0 0 0 0 0 2 0 0 1 0 0 1 
65 0 262 32 9 6 0 5 10 23 2 0 3 6 6 94 428 208 102 49 29 43 54 64 89 1 1 1 2 1 2 205 3 4 5 3 2 0 2 2 0 1 2 3 10 12 0 0 3 5 7 2 0 0 5 0 4 1 0 0 1 4 6 0 12 19 22 21 5 9 12 21 12 7 16 32 53 75 5 9 4 59 27 30 15 5 5 4 19 6 0 1 2 4 
64 4 28 11 1 4 2 1 6 41 8 3 12 73 3 338 1457 580 229 121 129 124 173 201 204 1 1 2 4 1 6 10 129 327 260 487 169 44 103 265 177 38 205 534 715 1749 58 121 20 938 676 444 89 90 96 48 467 152 0 0 1 0 15 1 11 8 11 7 2 1 3 7 10 7 3 25 32 33 1 1 0 19 16 8 8 6 1 2 7 11 0 0 0 1 
11 0 3 1 0 2 0 0 2 2 0 0 1 12 0 33 124 39 26 14 13 9 9 18 15 0 0 0 0 2 1 2 142 115 49 18 273 20 14 11 113 11 12 46 16 10 237 7 2 58 39 8 40 4 7 0 461 13 0 0 0 0 1 2 17 8 3 2 20 0 1 2 10 3 1 5 4 0 52 4 1 5 0 0 7 0 0 0 4 0 0 0 0 1 
17 0 5 3 0 0 0 0 1 6 0 1 3 8 2 51 133 52 24 21 15 12 24 18 16 1 0 0 0 0 2 1 372 10 58 17 464 16 9 446 111 29 724 20 13 8 307 11 1 35 51 32 45 7 5 9 65 8 0 0 0 0 4 0 16 3 1 2 4 0 0 9 2 1 10 2 2 0 7 3 0 3 1 1 5 2 0 2 2 0 0 0 0 0 
47 0 11 6 1 2 1 1 2 19 1 2 1 19 1 123 438 177 65 54 59 35 58 60 56 3 1 1 0 1 3 6 549 21 33 121 482 13 20 24 182 24 14 18 31 16 339 12 1 101 154 18 34 6 8 9 312 34 0 0 2 0 3 0 27 0 2 3 13 0 1 2 8 3 2 3 3 0 31 2 0 3 5 2 2 1 1 2 8 3 0 0 0 2 
120 2 24 19 0 3 2 1 3 47 1 7 14 55 2 471 1634 656 266 175 174 171 215 204 229 0 1 2 0 0 5 7 351 83 81 315 562 48 82 46 53 41 69 648 147 726 110 63 6 1874 1065 282 36 167 90 186 437 230 0 0 0 2 18 1 1 1 2 12 5 2 3 0 1 4 2 13 9 10 1 1 0 22 6 9 2 16 2 4 7 5 0 0 0 3 
14 0 2 2 0 1 0 1 0 2 0 0 1 8 0 33 95 26 21 15 8 14 13 15 18 1 0 0 0 0 1 0 74 11 60 6 469 153 20 2 66 2 5 40 12 9 27 0 1 6 14 32 25 6 2 3 28 1 0 0 2 0 1 0 13 1 0 4 6 1 0 0 7 0 2 10 2 0 6 1 0 3 1 0 5 4 0 1 1 0 0 0 0 0 
23 0 3 2 0 1 0 0 0 6 0 1 2 15 0 68 304 99 44 22 32 23 33 28 37 1 2 0 0 0 1 4 300 14 13 13 303 12 108 130 127 7 8 24 19 18 199 12 2 49 100 42 43 5 1 4 34 29 0 0 0 1 1 0 16 2 0 0 6 0 1 4 4 1 1 1 1 0 52 1 1 7 2 1 4 1 0 1 1 0 0 0 0 1 
31 0 5 4 0 1 1 0 1 6 0 1 0 10 1 100 337 131 61 26 29 29 31 37 34 0 1 1 0 1 1 5 410 13 18 9 194 7 9 22 200 12 16 5 18 62 211 14 3 18 47 74 51 3 3 3 47 3 0 0 0 0 6 0 19 2 2 4 4 4 1 2 18 0 1 1 3 1 19 1 0 1 3 2 1 1 1 3 1 0 0 0 0 0 
15 0 4 3 0 0 2 1 1 9 0 1 4 11 0 73 267 113 49 16 25 29 24 43 25 2 0 0 0 0 2 2 687 28 454 298 742 320 112 13 91 13 168 378 201 1070 415 100 7 395 545 721 41 78 7 48 25 104 0 0 0 0 2 1 7 3 10 5 4 2 2 1 1 1 2 4 4 16 3 1 0 0 5 16 6 2 0 1 0 4 0 0 1 0 
7 0 2 2 0 0 1 0 2 4 0 0 1 13 0 22 61 33 9 8 11 6 6 15 12 0 2 0 0 0 0 3 152 19 26 8 41 6 11 14 33 38 20 16 33 12 122 15 2 69 17 17 23 8 6 0 7 2 0 0 0 0 1 0 17 1 1 0 11 1 1 2 6 4 6 0 1 3 22 3 0 8 0 0 4 2 0 0 0 0 0 0 0 0 
32 0 12 9 0 2 0 0 8 11 0 1 1 15 1 83 352 118 61 36 30 47 57 43 36 0 2 0 0 1 2 3 253 15 17 14 406 3 6 11 199 15 56 38 41 25 121 8 3 13 235 11 41 3 10 4 113 22 0 0 0 1 3 0 14 1 0 1 14 0 1 0 8 0 3 3 1 1 8 3 1 2 5 2 5 1 1 2 4 0 2 0 0 2 
56 0 24 6 1 0 1 1 79 19 1 2 2 33 3 242 759 293 135 87 89 82 93 99 129 1 6 0 2 0 1 6 777 33 42 163 1001 49 18 16 369 22 56 949 55 12 429 29 2 17 167 44 129 44 10 10 365 57 0 0 3 1 7 0 21 2 2 5 36 3 0 3 13 0 4 2 3 2 22 2 1 4 4 3 10 0 0 4 6 3 0 0 1 1 
30 0 3 3 0 5 0 0 4 6 0 2 2 18 0 76 208 88 50 30 15 22 24 40 42 0 0 1 0 0 4 9 537 71 41 15 589 12 18 18 190 21 14 20 116 14 573 87 4 26 78 20 36 11 12 19 93 17 0 0 1 0 2 0 58 2 4 0 66 1 2 2 12 3 1 6 3 0 22 3 0 3 4 0 5 0 2 1 0 1 0 0 1 2 
65 1 10 10 0 0 1 0 5 15 0 3 4 17 5 245 868 333 136 88 62 74 106 109 109 1 0 3 1 0 1 11 967 25 151 423 1080 10 595 54 355 42 225 23 38 360 382 8 1 22 176 312 42 9 7 21 250 62 0 0 0 1 4 0 19 0 4 4 17 6 12 1 8 0 3 1 1 1 24 0 0 2 2 4 6 2 1 3 7 1 0 0 0 4 
27 1 9 4 0 1 1 1 4 18 2 3 7 45 3 187 691 277 76 57 63 52 87 92 80 1 0 1 0 0 6 4 62 118 143 260 138 40 167 180 100 32 133 362 232 1148 552 172 3 487 557 271 242 294 184 91 391 25 0 0 0 1 14 0 2 4 4 1 3 3 3 2 2 1 4 7 5 19 8 4 0 9 7 0 9 4 5 6 8 3 0 0 0 1 
14 0 1 5 0 1 0 0 1 6 0 0 2 8 0 35 169 49 30 17 15 13 19 23 26 1 0 0 0 2 0 1 122 7 13 9 156 7 5 42 89 7 7 32 18 14 92 58 1 47 95 20 19 5 10 2 43 15 0 0 0 0 2 0 13 2 0 0 3 1 1 1 10 4 4 4 0 1 4 3 0 4 0 2 3 1 1 1 1 0 1 0 0 0 
2 0 1 0 0 1 0 0 1 0 0 0 0 1 0 6 15 7 1 1 2 1 1 4 4 0 0 0 0 0 0 1 9 2 2 1 1 1 1 0 2 0 1 0 30 0 4 1 11 3 2 5 41 0 6 1 0 0 0 0 1 0 0 0 2 0 0 0 0 0 0 1 1 0 0 1 1 1 0 0 1 0 0 1 3 0 1 1 0 1 0 0 0 0 
49 1 15 5 3 1 0 0 1 25 0 0 4 30 3 158 609 248 113 74 74 77 81 97 98 2 0 2 1 0 3 6 680 32 66 298 684 26 67 8 524 12 148 843 78 92 490 17 4 208 260 256 103 13 11 19 250 39 0 0 1 1 7 0 34 3 2 6 20 1 0 0 8 1 0 3 4 5 26 3 0 3 5 3 4 1 1 0 8 0 0 0 0 0 
121 0 43 7 3 0 0 1 8 28 1 2 7 49 4 297 1086 466 170 113 111 110 137 132 127 2 1 0 3 2 6 6 365 31 52 40 440 11 19 284 142 23 59 31 74 28 220 27 5 25 511 428 91 12 7 29 87 26 1 0 2 1 15 2 18 1 4 0 13 2 2 3 8 3 7 1 3 0 11 2 0 2 5 10 10 1 1 0 1 4 0 0 0 2 
42 1 9 4 2 0 0 0 1 18 0 1 4 17 1 117 483 167 87 46 47 59 48 53 52 2 2 0 0 0 3 5 1053 19 137 13 864 7 15 315 284 22 36 44 29 15 743 7 21 61 182 302 58 11 14 18 335 64 0 0 0 2 9 1 25 7 4 2 24 0 3 10 11 1 6 2 4 1 26 0 1 5 7 1 2 10 6 5 7 1 0 0 0 0 
22 0 1 3 0 0 0 1 2 9 1 2 1 8 0 32 124 74 26 24 14 21 26 25 23 0 1 1 2 2 3 2 119 53 81 61 223 26 97 28 83 12 52 252 112 227 11 71 2 250 406 232 15 91 4 31 39 55 1 0 0 1 4 0 2 1 1 4 1 1 0 1 0 0 3 5 3 3 0 10 0 3 9 12 2 9 0 1 3 3 0 0 0 0 
4 0 0 0 0 0 0 0 0 2 0 1 0 4 0 11 55 16 34 14 3 12 4 10 13 0 0 0 0 0 0 3 326 7 7 5 986 2 3 5 181 2 3 5 11 6 57 9 0 24 20 5 23 9 2 2 28 1 0 0 0 0 0 0 9 0 1 0 7 0 0 0 2 0 0 0 0 0 1 0 1 1 0 0 0 1 0 0 1 1 0 0 0 0 
6 0 2 0 0 0 0 0 0 6 0 0 0 7 0 18 80 28 17 8 7 5 12 9 10 0 0 0 1 0 0 0 81 7 8 4 72 4 11 11 45 3 16 9 4 166 26 2 4 6 25 6 3 0 12 1 7 5 0 0 0 1 0 0 17 1 0 0 5 0 1 1 3 0 0 0 0 3 4 0 1 0 0 0 1 0 2 4 1 0 0 0 0 0 
13 0 4 3 0 0 0 0 2 4 0 0 2 5 1 19 110 48 52 22 17 15 11 14 19 4 0 1 0 0 0 0 22 0 12 14 10 0 2 3 47 2 2 7 4 1 42 8 4 0 13 3 1 3 1 164 93 6 0 0 0 0 0 0 1 1 1 1 0 1 0 2 1 1 1 0 0 1 6 0 1 1 0 1 0 0 0 46 1 0 0 0 0 1 
46 0 17 13 0 3 2 0 4 20 3 0 10 29 0 220 998 307 137 77 74 111 86 92 94 2 0 2 1 0 3 6 201 17 22 48 110 54 11 3 20 9 13 53 31 131 162 11 1 17 148 22 28 7 2 14 31 59 0 0 0 1 8 1 7 0 1 1 5 0 1 2 2 0 0 1 0 0 38 0 1 1 1 0 3 0 0 2 1 1 0 0 0 1 
17 0 5 3 0 0 0 0 1 6 1 0 0 11 1 65 229 68 24 17 19 22 23 27 23 0 0 2 0 1 0 5 150 2 5 2 77 1 2 4 34 5 1 9 9 3 70 5 0 5 3 7 27 1 2 15 97 108 0 0 0 0 1 0 16 0 2 2 4 1 0 1 5 0 0 1 1 0 3 0 1 0 0 0 2 0 2 1 2 6 0 0 0 1 
0 0 0 0 0 0 0 0 0 1 1 2 0 1 0 2 7 2 1 1 1 4 1 0 0 2 2 0 4 0 0 0 0 0 0 0 0 0 0 0 0 0 1 1 0 0 0 1 0 0 0 0 1 0 0 0 0 0 6 0 30 1 0 0 1 1 0 4 2 0 0 6 1 2 4 3 0 0 4 2 1 0 1 0 10 14 1 5 2 4 0 0 0 0 
0 0 0 0 0 0 0 0 0 0 0 0 0 0 0 0 0 0 0 0 0 0 0 0 0 0 0 0 0 0 0 0 0 0 0 0 0 0 0 0 0 0 0 0 0 0 0 0 0 0 0 0 0 0 0 0 0 0 0 0 0 0 0 0 0 0 0 0 0 0 0 0 0 0 0 0 0 0 0 0 0 0 0 0 0 0 0 0 0 0 0 0 0 0 
3 0 1 0 0 0 1 0 0 3 0 5 1 1 1 6 19 5 2 1 2 3 1 3 11 1 6 1 3 0 0 0 0 0 0 0 0 0 0 4 0 0 0 0 0 2 0 0 0 0 0 0 2 1 0 0 0 0 12 0 27 1 0 0 2 1 0 9 3 1 0 6 1 11 10 3 4 4 3 9 0 1 1 3 2 7 0 1 4 0 0 0 2 0 
3 1 2 1 5 9 0 15 8 9 0 1 1 3 0 2 5 3 0 1 1 4 1 0 3 0 0 0 1 0 1 4 0 0 0 0 0 0 0 0 0 0 0 0 1 0 0 0 0 0 0 1 0 0 0 0 3 0 0 0 3 52 14 0 2 1 0 2 0 1 0 3 2 0 0 0 1 0 1 0 0 0 0 0 0 0 0 1 0 0 0 0 0 0 
16 0 12 3 1 2 0 1 11 18 8 0 10 14 1 1134 2370 1047 330 201 185 219 290 394 572 4 1 2 1 0 4 17 8 6 8 11 5 6 9 3 2 10 3 8 6 2 3 3 1 1 9 10 4 1 1 10 4 5 0 0 0 20 168 0 58 49 46 35 27 16 49 16 22 50 41 31 100 25 23 40 9 26 43 42 34 11 6 86 32 22 0 0 0 0 
1 0 0 0 0 0 0 0 0 1 0 0 0 0 0 11 68 15 7 3 3 4 3 5 3 0 0 0 1 0 0 0 0 1 0 0 0 0 0 0 0 0 0 0 0 1 0 0 0 0 0 0 0 0 0 0 0 0 0 0 0 0 0 32 1 0 0 0 0 0 0 0 0 0 0 0 0 0 0 1 0 2 2 0 0 0 0 0 1 0 0 0 0 3 
894 16 218 107 14 28 19 10 71 433 53 50 132 826 32 4854 16978 7137 2608 1707 1759 1780 2482 3168 3117 27 24 31 27 5 86 141 22 16 13 19 3 6 12 13 8 13 13 35 36 63 2 15 4 42 26 27 2 3 8 14 23 13 5 0 24 13 356 20 2565 5893 5829 7959 3004 1042 2203 5223 4879 1204 4685 10184 10736 34970 1337 2378 379 17507 10769 9868 2076 1557 1749 1286 9447 2738 1 6 2 36 
125 0 17 10 4 3 7 1 7 35 4 13 9 61 4 505 1582 632 347 216 205 144 245 243 186 3 13 1 7 1 5 15 7 3 3 2 2 0 0 3 2 4 2 1 2 23 5 4 3 3 1 1 9 0 0 0 7 1 1 0 5 1 9 2 3157 1790 615 265 5883 341 217 209 2613 184 193 867 253 190 4455 113 51 942 879 150 973 94 97 71 6639 355 0 0 1 3 
125 1 35 11 4 2 2 2 6 42 5 13 20 153 4 627 2016 763 428 272 211 194 278 344 346 4 3 6 3 1 5 33 20 4 1 2 17 0 3 11 2 0 15 1 0 0 10 0 0 3 2 4 0 2 1 1 2 2 3 0 7 0 23 1 6362 233 916 306 8128 171 198 7568 2133 255 12653 356 322 125 4979 231 44 491 866 696 970 149 113 115 1049 168 0 0 0 4 
531 10 87 47 6 8 8 3 29 136 21 14 44 308 12 1885 5867 2432 1233 850 767 850 974 1067 1034 17 15 15 21 7 65 66 14 1 4 11 9 2 1 6 7 8 12 3 4 0 7 3 0 6 11 3 6 3 1 12 10 4 4 0 29 8 77 9 8575 245 382 1716 8708 296 648 366 3629 464 254 476 666 216 5709 176 46 1445 2702 328 790 121 157 184 4938 660 0 0 0 13 
1898 9 323 152 14 27 32 12 71 540 42 61 155 1050 31 7456 22322 10003 4265 2918 2498 2674 3524 3920 3733 43 42 91 37 14 166 154 24 10 9 19 20 5 5 4 9 9 10 34 25 26 4 7 3 70 45 12 7 6 8 26 10 19 3 0 35 9 281 38 7244 1529 1659 5321 10544 951 1446 898 1815 762 2155 12930 3168 16004 1892 1646 151 34965 18633 6284 1108 3379 1997 3260 6910 3166 1 1 5 46 
120 4 23 11 1 7 4 0 5 27 7 6 8 79 4 361 1267 533 353 253 190 209 214 206 216 4 6 5 2 0 5 18 6 1 3 2 4 2 0 5 2 3 1 1 1 2 2 0 1 0 2 6 1 0 0 0 0 0 0 0 4 0 24 0 1725 140 687 186 5572 2633 191 90 1314 87 98 556 201 113 592 69 15 243 258 698 650 71 44 72 474 52 0 0 0 1 
361 0 58 50 6 2 3 1 13 98 4 28 28 197 9 1319 4554 1868 875 583 520 571 711 788 764 4 11 8 11 0 30 45 11 0 2 1 6 1 5 1 4 4 1 2 2 2 6 3 5 2 5 4 1 0 4 1 0 4 4 0 21 3 39 8 5036 253 181 225 5971 161 1659 2437 2545 119 171 524 282 358 3212 133 38 844 2108 470 1068 110 106 80 863 447 0 1 1 10 
381 3 60 28 4 9 6 2 13 97 8 13 26 228 4 1776 4706 2081 750 539 443 532 667 784 793 6 24 15 5 1 27 42 24 1 3 0 3 1 2 1 8 2 0 0 5 0 7 2 2 3 5 3 3 0 1 1 1 4 2 0 19 2 56 7 8507 190 231 200 4305 97 187 415 4848 174 389 294 362 1264 4537 204 45 295 609 1535 1375 121 86 105 1057 122 1 1 1 12 
290 0 52 35 0 7 7 2 23 103 13 21 47 215 6 1398 4541 1879 835 460 617 527 683 938 889 5 11 11 6 2 28 54 23 3 17 13 20 8 2 2 27 6 11 13 8 70 10 5 2 5 16 23 3 1 1 8 1 2 2 0 7 4 54 1 11419 676 9189 4700 14438 4085 2319 363 1382 515 3889 7386 4128 22236 5652 1879 209 7379 10915 11684 953 1471 256 1224 571 2111 0 0 1 7 
54 1 3 0 0 2 6 1 4 24 1 9 6 47 5 228 762 317 171 125 82 92 109 137 101 2 5 0 3 1 3 3 4 0 2 0 4 0 0 0 0 1 1 3 2 1 2 1 0 1 3 2 1 1 1 0 2 1 0 0 0 1 5 0 3163 261 379 225 1446 122 157 245 821 447 408 223 381 226 2276 235 38 844 269 269 518 107 117 35 79 58 0 0 0 1 
412 1 67 49 4 3 10 2 15 102 14 18 24 229 12 1512 4956 2075 1007 675 704 899 1291 1158 982 7 20 12 7 4 27 43 11 0 1 2 11 3 1 1 5 1 2 6 2 2 2 5 0 0 9 2 7 1 2 3 4 4 8 0 21 3 46 8 5946 174 248 244 8315 109 119 274 4772 273 1033 586 700 208 3305 205 35 244 4509 292 1157 56 133 98 2369 455 0 1 0 5 
649 4 201 76 3 8 10 2 40 239 26 47 65 393 19 3053 8728 3806 1691 1148 990 1080 1413 1715 1786 12 55 18 15 5 40 101 31 2 2 9 14 4 2 3 10 1 7 12 5 9 9 5 2 3 11 4 4 0 1 6 17 5 3 0 29 4 152 14 12654 527 509 2800 20081 1023 348 289 7658 267 998 16207 934 254 7520 479 55 263 3221 948 3077 668 139 191 6696 1238 0 0 4 22 
268 2 44 21 6 5 5 2 14 90 7 38 34 214 11 1076 3348 1319 820 470 390 360 495 565 510 11 4 17 11 2 26 48 7 5 1 1 13 1 7 4 5 0 2 3 3 37 18 4 0 4 5 3 0 1 3 2 3 0 0 0 7 1 42 2 10857 1276 676 282 11352 219 327 255 3878 313 263 313 2107 350 7051 1798 37 394 1538 323 785 191 207 217 1865 373 0 0 2 7 
822 8 185 93 6 15 18 6 39 277 26 28 89 512 18 4291 12698 5574 2482 1504 1434 1548 1999 2220 2140 9 8 42 32 4 80 125 39 7 7 15 37 3 47 6 13 5 3 6 6 12 9 3 1 5 16 8 3 1 1 17 4 9 2 0 18 14 162 11 16001 337 2664 8452 19178 186 13728 1463 7159 679 4676 442 596 7806 6187 223 77 452 4444 5506 1332 163 162 482 4174 1450 1 5 2 22 
558 3 79 49 6 6 4 4 35 208 43 32 59 543 15 2752 9847 4242 1472 960 1022 1042 1466 1672 1732 12 16 15 20 1 68 88 4 11 8 8 5 3 5 5 7 13 4 17 9 121 24 11 1 20 21 16 7 15 10 20 15 1 2 0 6 5 181 6 1411 2121 2860 4181 3151 907 3930 2851 1919 646 2940 7174 5149 20615 10426 3362 56 8945 8639 6198 5057 5501 3963 2713 6602 774 2 0 3 16 
205 2 28 23 1 2 2 0 6 59 7 5 12 139 5 672 2309 897 485 276 246 284 324 331 358 7 22 3 6 0 16 18 4 1 0 1 4 3 2 4 2 0 1 2 2 36 0 2 1 1 5 3 1 1 2 0 0 4 12 0 3 1 20 1 2479 101 215 124 3459 113 133 868 1795 150 168 888 200 127 2232 1354 45 742 1821 318 567 61 100 75 932 253 1 0 0 3 
6 0 0 0 0 0 1 0 0 5 1 0 2 20 1 41 195 97 38 23 20 17 25 20 35 0 1 1 1 0 0 2 1 0 1 0 0 0 1 0 0 0 0 0 2 0 1 0 2 0 0 1 1 0 2 0 1 1 0 0 2 1 0 0 181 38 27 30 45 25 28 35 106 28 48 17 349 37 110 50 112 46 44 111 727 16 117 30 35 26 0 0 0 0 
696 3 157 73 15 11 12 5 29 245 18 21 69 434 20 2945 8705 3611 1779 1311 1151 1172 1429 1716 1541 18 25 22 18 6 57 88 44 2 2 8 10 3 1 5 13 5 4 25 7 10 14 1 2 7 20 9 3 1 0 3 7 3 1 0 25 6 115 16 11944 658 1234 5286 12453 563 1416 220 9413 330 2814 11702 1517 2299 7722 506 52 3012 4924 5188 2246 296 126 260 4916 672 0 1 3 18 
1427 11 481 100 14 15 16 8 62 417 34 40 130 821 32 4529 14584 6407 2757 1922 1683 1839 2276 2517 2371 24 26 36 39 10 127 121 17 5 8 10 16 5 5 9 5 7 4 11 12 4 6 3 1 6 23 21 7 2 0 11 5 4 2 0 18 4 203 21 6419 406 986 615 9045 187 285 5943 3207 395 1506 445 1292 398 4105 510 89 431 9195 6614 1953 163 221 461 1593 340 0 0 2 39 
662 1 89 57 6 4 8 0 22 137 9 19 49 304 13 2177 7269 2960 1473 999 925 1096 1142 1266 1153 6 9 24 14 2 58 101 52 1 4 4 48 0 3 16 7 1 1 1 6 3 37 3 2 9 6 5 6 2 0 2 8 8 1 0 14 5 89 14 14466 233 1751 252 15494 114 192 5811 5721 435 518 776 503 230 11084 158 252 1333 3706 5969 1480 154 275 200 4965 1842 0 0 0 10 
267 2 22 24 2 3 3 5 9 76 6 18 31 141 10 536 1859 1212 364 247 228 239 350 412 350 9 14 14 12 3 34 23 5 6 2 7 6 0 0 2 2 1 4 21 6 12 1 8 2 9 20 6 3 3 0 8 0 0 3 0 12 4 43 2 1846 1273 1792 1649 3586 746 1942 647 1905 311 1511 4336 2621 5280 193 1498 54 4659 6760 5248 378 1877 149 789 922 946 0 0 2 5 
68 0 10 4 0 0 12 0 2 21 1 35 5 51 2 226 931 319 422 105 81 90 118 149 118 0 4 0 5 1 11 47 10 1 3 0 16 0 1 4 1 1 0 1 0 0 1 1 0 0 2 0 7 0 0 2 2 2 1 0 5 1 11 3 5318 121 143 143 16832 69 79 83 3366 83 86 93 188 107 943 134 25 597 353 100 332 145 50 41 578 101 0 0 0 1 
127 2 10 4 0 2 1 0 2 25 1 14 7 67 6 328 1302 589 259 161 141 146 165 205 170 0 2 4 5 1 12 12 6 0 1 0 2 0 1 0 0 1 0 2 2 8 1 0 0 1 3 0 1 2 2 0 1 1 1 0 6 1 7 1 1948 76 91 144 1801 66 237 169 1128 70 251 240 118 2150 534 72 70 137 651 156 139 44 218 66 169 72 0 0 0 5 
244 1 31 13 2 3 1 2 10 49 5 3 38 111 8 482 1805 760 561 274 211 264 264 259 277 3 2 2 3 2 12 12 5 2 3 43 1 0 0 3 1 2 2 3 0 5 1 1 1 0 1 4 2 1 0 58 1 2 0 0 14 3 23 1 488 50 310 173 324 39 31 43 845 39 53 100 68 45 670 106 46 64 253 150 82 36 31 2820 1479 199 0 0 4 6 
947 5 193 100 11 6 25 2 37 276 18 18 85 419 17 3489 11619 4743 1825 1223 1182 1441 1734 1802 1787 13 12 46 25 7 59 74 10 8 9 5 5 5 1 4 1 4 2 1 7 4 4 7 2 1 10 1 1 2 1 10 3 9 40 0 20 3 141 13 4333 293 528 898 2796 945 230 163 387 242 360 1225 479 2899 3008 215 56 507 2405 440 703 103 61 312 600 830 1 0 2 25 
184 0 31 9 2 2 0 1 6 50 5 9 13 98 8 705 2188 940 376 237 199 220 251 336 322 1 2 9 3 2 13 20 8 0 1 1 3 3 3 1 2 0 1 1 0 0 1 1 0 1 2 0 1 1 1 1 2 14 1 0 6 3 40 1 3574 48 77 72 1672 40 46 135 965 53 124 272 187 88 1017 56 34 91 140 150 456 42 30 226 1277 2168 0 1 0 6 
0 0 0 0 1 0 0 0 0 0 0 0 0 0 0 0 3 0 0 0 0 0 0 0 0 0 0 0 0 0 0 4 0 0 0 0 0 0 0 0 0 0 0 0 0 3 0 0 0 0 0 0 0 0 0 0 0 0 0 0 1 0 1 0 1 0 0 0 0 0 1 0 0 0 0 0 0 0 1 0 0 0 0 0 0 0 0 0 0 0 0 0 3 0 
0 0 0 0 0 0 0 0 1 1 0 0 0 0 0 1 5 1 0 0 0 1 0 1 0 0 0 1 0 0 0 2 0 0 0 0 0 0 0 0 0 0 0 1 0 0 0 0 0 0 0 0 0 0 0 0 0 0 0 0 0 0 1 0 1 0 0 0 1 0 0 0 0 0 0 0 0 0 0 0 0 0 0 0 1 0 0 0 0 0 0 6 0 0 
0 1 1 0 0 0 0 0 0 1 0 0 0 0 0 0 3 0 0 0 1 0 0 0 0 0 0 1 0 0 0 0 0 0 0 0 0 0 0 0 0 0 0 0 0 0 0 0 0 0 0 0 0 0 0 0 0 0 0 0 2 0 0 0 0 0 1 1 0 0 0 0 0 0 0 0 0 0 0 0 0 0 0 0 0 0 0 0 0 0 2 0 3 0 
28 1 0 3 1 0 0 0 0 27 1 0 0 0 1 6 31 6 3 4 1 0 3 0 3 0 0 0 0 0 0 0 0 0 0 0 0 0 0 1 0 0 0 0 0 0 0 0 0 0 0 0 0 0 0 1 0 0 0 0 1 0 0 0 2 0 0 0 1 0 0 1 1 0 3 1 1 2 2 1 0 1 0 0 1 0 0 5 0 0 0 0 2 43 
