2163 12 25 32 12 3 2 6 11 61 1 0 1 16 1 10 139 49 30 13 11 8 17 14 12 1 1 0 0 3 31 174 3 0 0 1 1 0 0 0 0 0 0 0 0 1 1 0 2 1 0 1 1 0 0 2 0 0 0 0 3 3 1 2 12 2 4 2 7 2 0 0 2 3 2 4 3 7 2 0 0 1 7 7 3 1 1 12 1 2 0 1 0 20 
2 8 0 0 0 0 0 0 3 0 0 0 0 0 0 1 4 1 0 0 0 0 0 0 0 0 0 0 0 0 1 0 0 0 0 1 0 0 0 0 0 0 0 0 0 0 0 0 0 0 0 0 0 0 0 0 0 0 0 0 0 1 0 0 0 0 0 0 0 0 0 0 0 0 0 0 0 0 0 0 0 0 1 0 0 0 0 0 0 1 0 0 0 0 
28 0 122 94 9 0 2 3 4 15 3 0 0 1 0 7 1837 124 87 46 54 27 58 42 32 0 0 0 0 1 3 14 0 0 0 0 0 0 0 0 0 0 0 0 0 0 0 0 1 0 0 0 0 0 0 0 0 0 0 0 2 3 0 0 0 0 1 1 0 0 0 1 1 1 2 0 1 1 0 1 0 1 1 2 1 0 0 1 2 0 0 0 0 1 
21 0 15 467 46 3 0 0 5 10 0 1 1 2 1 3 33 10 11 14 9 0 4 2 3 0 0 0 0 0 2 8 0 0 0 0 0 0 0 2 0 0 0 0 0 0 0 1 0 0 1 3 1 0 0 0 1 0 0 0 1 0 0 0 3 1 0 0 6 0 3 6 1 2 0 0 0 0 0 0 0 1 0 3 0 0 0 0 2 1 0 0 0 3 
1 0 1 13 36 8 0 1 8 5 0 0 0 1 0 2 4 0 1 0 5 2 2 0 1 0 0 0 0 0 0 2 0 0 0 0 0 0 0 0 0 0 1 0 0 0 0 0 0 0 0 3 0 0 0 0 0 0 0 0 0 20 0 0 0 0 0 2 0 0 0 0 0 1 0 0 0 1 0 0 0 0 0 1 1 0 0 0 0 0 0 0 0 0 
8 0 2 9 6 27 0 2 4 14 0 0 0 0 1 1 10 3 3 7 0 4 5 5 2 0 0 0 0 1 2 3 1 4 2 0 0 0 2 0 4 1 1 1 2 0 0 0 0 0 1 0 0 0 0 0 0 0 0 0 0 2 0 0 2 5 2 3 1 0 2 1 4 2 1 1 5 0 1 1 0 1 1 1 4 0 0 0 1 1 0 0 0 0 
0 0 6 1 0 0 11 0 0 0 0 0 1 3 1 3 3 1 1 0 0 0 0 0 1 0 0 0 0 0 0 1 0 0 0 0 0 0 0 0 0 0 0 0 0 0 0 0 0 0 2 1 0 0 0 0 0 0 0 0 0 0 0 0 1 0 0 1 0 0 0 1 0 0 0 0 0 0 1 0 1 2 50 2 1 0 0 0 0 3 0 0 0 0 
5 0 7 4 3 7 0 1 72 11 0 0 0 0 1 4 1 1 2 3 1 1 2 0 2 7 0 0 2 0 0 4 1 0 0 0 0 0 0 0 0 0 2 0 0 0 0 0 0 0 0 1 0 0 0 0 0 1 0 0 0 3 0 0 2 0 0 0 0 0 0 0 0 0 0 0 0 0 0 0 1 0 0 0 0 0 1 0 0 0 0 0 0 1 
8 3 7 6 9 4 0 14 39 14 0 0 0 3 0 9 21 8 5 3 3 0 5 6 2 0 0 0 4 3 1 2 0 0 0 0 0 0 0 0 0 0 0 1 0 1 0 2 0 0 0 0 0 0 0 0 0 0 0 0 1 6 1 0 0 1 0 1 1 1 0 0 0 0 0 0 0 0 0 0 0 2 1 0 2 0 0 1 0 0 0 0 1 1 
38 1 19 19 10 19 1 20 47 1409 13 2 64 15 45 15 106 27 21 19 21 19 34 32 39 1 0 0 2 2 4 15 1 1 1 1 0 1 0 1 0 3 1 0 2 0 0 0 2 2 1 2 0 0 0 0 0 0 0 0 3 5 1 2 13 2 2 2 4 2 3 2 1 7 7 6 4 6 1 2 0 3 3 2 2 0 0 9 2 1 0 0 3 35 
1 0 0 1 1 0 0 0 2 19 171 0 42 6 2 8 40 13 15 5 9 10 6 5 10 0 0 0 1 0 0 1 1 0 0 0 0 0 0 1 0 0 0 0 0 0 0 0 0 0 0 0 0 0 0 0 0 0 0 0 1 0 1 0 7 1 4 2 3 0 1 0 3 1 6 2 3 1 1 0 2 0 2 0 1 0 1 1 0 1 0 0 1 0 
1 0 0 0 0 1 0 0 3 2 0 49 0 61 2 4 28 11 22 6 9 2 12 4 5 0 1 0 0 1 0 0 0 0 0 1 0 0 0 0 0 0 0 1 3 0 1 2 0 0 0 0 0 0 0 0 0 0 0 0 6 1 0 0 4 3 3 2 2 0 4 4 8 15 10 5 7 4 6 4 1 5 5 3 5 17 2 3 1 0 0 0 0 0 
4 0 1 1 0 0 3 1 14 39 48 1 158 17 5 55 246 84 60 64 66 41 97 57 71 1 0 0 25 2 2 3 3 2 3 6 3 0 0 0 1 1 1 2 5 1 1 3 1 1 0 1 2 0 0 8 2 4 0 0 0 1 3 0 15 7 12 21 16 7 9 7 1 10 33 7 16 2 6 8 5 12 20 9 7 6 5 116 8 8 0 0 0 0 
23 0 0 4 1 1 0 0 7 27 6 88 48 1392 46 151 487 111 95 55 87 50 85 55 57 3 2 1 1 2 11 2 0 4 11 3 5 0 1 2 0 3 3 3 6 2 0 5 0 3 6 2 1 1 0 2 2 4 0 0 3 3 6 0 31 18 45 21 21 14 17 19 6 16 25 22 47 8 12 32 3 27 48 17 9 13 10 99 7 4 0 0 1 1 
2 0 0 2 0 1 2 0 1 47 1 2 3 13 124 12 58 35 32 16 20 15 71 24 24 0 0 0 0 0 4 2 1 0 0 0 0 0 0 0 0 0 0 0 0 0 0 0 0 0 0 0 0 0 0 0 0 0 0 0 1 0 1 0 5 1 1 0 0 1 1 1 0 0 1 2 2 4 3 1 0 1 1 2 2 2 2 1 0 2 0 0 0 0 
195 2 20 38 206 8 1 2 56 180 52 9 75 232 17 18696 23169 14228 14892 14842 18582 21267 24861 21028 15666 1 4 1 22 2 37 71 14 6 3 7 3 1 8 7 2 6 4 4 5 8 6 5 1 19 9 3 0 4 3 6 1 5 1 0 12 2 47 10 169 98 76 110 67 33 64 58 62 68 82 97 137 248 55 79 12 122 142 102 39 38 57 107 74 65 0 1 1 5 
771 5 67 74 16 7 12 3 74 355 41 22 64 427 57 19755 22330 27199 21237 16865 15436 14510 13854 14139 12795 8 4 3 26 2 59 125 33 4 10 11 5 3 4 4 2 6 8 9 10 8 4 7 4 6 8 5 1 5 1 9 0 7 0 0 32 0 60 73 280 83 122 104 134 34 55 36 23 75 96 67 108 129 41 63 35 68 167 83 5 20 26 86 36 56 1 0 3 7 
317 9 49 34 13 4 5 2 61 263 50 16 54 273 32 15640 20023 17778 36661 13762 13278 11518 11420 11068 10084 1 2 1 22 6 43 115 26 15 8 5 7 4 6 7 1 12 13 4 11 8 4 6 1 9 4 10 13 2 2 9 4 3 1 0 15 2 42 19 190 150 80 54 40 45 47 35 20 68 144 39 88 53 51 30 26 52 91 51 136 31 21 84 32 40 0 1 2 5 
439 4 65 73 14 5 9 5 67 340 81 19 70 405 45 10637 9869 9050 10689 13089 7358 6999 6546 6007 6195 8 5 2 21 6 81 111 31 8 9 14 9 4 5 1 4 8 11 14 13 11 3 2 5 29 13 5 3 1 2 10 14 4 0 0 22 2 76 17 209 90 78 147 71 44 48 44 27 81 88 119 87 132 20 66 28 428 173 91 23 23 38 96 94 53 0 0 1 10 
236 0 26 56 13 3 3 1 45 196 29 8 46 178 30 6714 6743 7074 8582 8208 10884 6401 7067 6151 5838 5 4 1 10 2 25 78 16 6 7 9 26 1 5 2 2 6 5 20 9 7 0 1 2 13 8 6 59 2 0 5 4 0 0 0 16 0 37 8 173 70 65 66 301 22 30 35 24 68 73 209 100 63 16 28 10 72 82 45 716 18 17 55 29 24 0 1 0 10 
220 6 22 38 25 7 6 2 37 207 63 11 33 213 27 7945 6473 6963 6328 7370 9344 10202 6658 6449 6659 1 3 1 10 1 47 64 18 8 7 7 11 3 7 3 4 8 3 6 8 1 4 5 5 6 6 12 3 3 2 3 0 1 1 0 10 6 50 6 227 79 61 63 55 26 36 38 30 85 72 40 91 39 29 41 11 46 86 58 7 26 19 53 51 31 0 1 4 7 
231 6 18 31 15 9 7 3 52 204 63 8 55 188 30 7014 6251 6354 6607 6586 7146 10675 7285 6849 14637 1 5 1 12 3 34 66 15 10 13 3 4 3 2 2 4 11 5 5 8 3 0 4 0 5 6 6 1 0 1 3 4 1 0 0 17 9 36 10 157 60 62 52 32 29 34 35 15 56 45 35 80 32 25 29 15 34 57 42 7 25 18 59 31 34 0 2 1 12 
254 4 34 34 10 9 7 1 55 231 46 8 40 152 33 7030 6745 6956 6655 7065 7456 7381 12029 9146 8383 3 3 0 10 1 39 58 13 9 8 6 5 5 3 2 3 3 8 5 8 6 3 3 0 8 4 2 1 1 0 7 1 7 1 0 17 0 34 8 158 71 63 48 40 18 32 30 11 65 62 39 67 30 18 42 12 36 73 34 10 19 18 65 32 26 0 0 3 4 
200 1 25 33 8 4 3 2 46 227 40 10 38 168 50 9157 8632 9349 8880 9467 10283 10897 12834 14996 14997 3 2 2 7 3 21 46 15 13 4 4 2 5 4 2 0 7 6 2 9 11 0 3 2 7 5 4 1 2 3 3 3 2 0 0 8 1 29 5 183 65 54 47 36 27 23 24 36 48 51 42 60 34 17 29 15 69 96 52 18 25 14 36 26 24 0 1 3 12 
220 8 33 43 22 4 3 8 39 259 67 17 50 170 25 13257 12631 12378 12030 11275 11088 10025 8365 8929 11800 1 1 3 14 5 24 51 16 10 5 6 4 6 3 3 5 12 4 4 9 17 4 5 4 8 8 6 3 3 5 4 2 6 0 0 15 0 52 5 164 79 59 56 33 29 25 24 32 61 75 46 59 48 32 39 14 57 67 51 11 16 23 57 23 25 0 1 2 7 
1 0 0 2 0 0 0 8 143 7 0 1 1 9 2 1 13 4 8 8 5 4 6 4 3 15 0 0 2 3 0 3 0 0 0 31 0 0 0 0 0 0 0 0 0 1 1 37 0 0 0 0 0 0 0 10 0 0 0 0 10 0 2 0 0 0 0 7 0 0 0 0 0 0 0 0 2 0 0 11 0 0 3 0 0 0 0 1 0 0 1 0 1 0 
0 0 0 0 0 1 5 1 22 1 0 1 0 3 1 10 10 4 1 1 0 3 2 0 3 1 36 0 0 0 0 0 0 0 0 1 0 1 0 0 0 0 0 1 0 1 0 1 0 0 0 0 0 0 0 0 0 0 0 0 4 0 0 0 5 1 0 1 2 0 1 0 3 3 1 5 0 0 6 14 2 0 1 5 2 0 0 1 2 1 0 0 0 0 
2 0 1 0 0 0 0 0 1 1 0 0 1 0 0 0 2 0 487 0 0 0 0 1 1 0 0 13 0 12 0 0 0 0 0 0 0 0 0 0 0 0 0 0 0 0 0 0 0 0 0 0 0 0 0 0 0 0 0 0 0 0 0 0 0 0 0 0 0 0 0 0 1 1 0 0 0 0 0 0 0 0 0 0 0 0 0 0 0 1 0 0 0 1 
2 0 2 1 0 1 0 5 35 5 1 0 21 2 2 17 49 12 13 1 9 3 7 7 4 0 0 0 39 0 2 0 0 0 0 9 0 0 0 0 0 0 0 0 0 0 0 2 0 1 1 0 0 0 0 0 0 0 0 0 52 0 0 0 4 2 1 0 0 0 0 2 3 1 9 1 3 1 2 2 0 0 1 0 0 0 0 1 4 2 0 0 0 0 
3 1 0 0 0 0 0 0 0 0 1 0 0 1 2 0 1 1 1 0 0 1 0 0 0 1 0 10 0 15 4 0 0 0 0 0 0 0 0 0 0 0 0 1 0 0 0 0 0 0 0 0 0 1 0 1 0 1 0 0 0 0 0 0 0 0 0 0 0 0 0 0 0 0 0 0 0 0 0 0 0 0 0 0 0 0 0 0 0 0 0 0 0 0 
39 1 0 1 1 0 0 0 2 1 2 0 0 4 4 0 25 3 2 0 3 4 5 1 0 0 0 0 1 3 198 3 0 0 0 0 0 0 1 0 0 0 0 0 0 1 1 0 0 0 0 0 0 0 0 0 0 0 0 0 0 0 2 0 2 0 1 0 0 0 0 0 1 0 0 0 1 1 0 0 0 1 0 0 2 0 0 2 0 0 0 0 1 2 
43 1 140 27 6 2 0 4 10 14 1 1 0 7 1 9 154 49 21 14 18 12 18 14 9 0 0 0 0 0 3 186 0 2 0 0 1 0 0 0 0 1 0 2 2 2 0 0 1 0 2 0 0 0 3 1 1 1 0 0 0 4 4 2 3 2 3 8 4 3 2 5 3 2 12 9 11 33 1 4 1 16 6 5 7 1 3 2 12 3 0 1 2 4 
51 1 0 4 1 2 0 0 6 20 3 1 4 41 2 16 471 90 76 48 80 35 51 48 36 0 0 0 0 0 4 4 64 45 60 152 53 16 20 154 63 18 44 205 127 676 23 32 9 302 356 127 19 18 26 21 194 63 0 0 0 2 2 1 8 2 7 4 2 0 1 3 1 1 1 6 7 11 1 2 0 16 5 5 1 0 3 1 1 2 0 0 0 2 
8 0 0 2 0 0 0 0 2 3 1 1 1 7 0 3 48 16 17 10 8 9 9 3 6 0 0 0 0 1 0 0 58 49 28 11 87 4 5 5 24 7 5 6 5 6 50 3 1 9 20 6 10 3 2 2 214 3 0 0 0 0 0 0 3 3 0 0 4 2 0 0 1 0 1 2 0 0 1 0 0 1 2 2 2 0 2 0 4 1 0 0 0 1 
12 0 1 1 0 0 0 1 2 3 1 0 1 5 0 10 71 13 19 10 6 7 7 6 4 0 0 0 1 0 1 0 172 11 21 9 210 7 6 193 23 1 265 6 8 6 147 5 0 21 20 19 8 1 3 3 31 2 0 0 0 0 1 0 4 2 1 1 4 0 1 7 0 1 6 3 1 0 8 2 0 2 4 3 0 0 0 1 1 0 0 0 0 0 
38 1 1 5 0 0 0 0 1 8 1 1 3 11 2 16 192 50 27 21 26 15 29 13 12 0 0 1 1 2 2 2 260 6 12 31 156 10 6 5 39 19 4 3 9 3 130 4 1 4 119 5 8 5 4 8 177 12 0 0 0 1 1 0 11 1 1 2 8 1 0 2 2 1 0 0 3 0 6 1 0 2 1 0 3 0 0 0 2 1 0 0 0 1 
95 1 3 6 2 1 0 0 4 23 1 1 4 38 0 32 748 169 95 86 86 40 76 47 47 3 0 0 0 0 7 8 75 18 14 119 144 16 10 15 19 12 25 355 38 364 26 26 1 1219 647 126 24 8 40 55 275 140 0 0 2 0 2 2 1 2 0 3 4 0 1 0 1 1 1 5 1 9 2 0 0 22 5 4 2 3 1 1 1 2 0 0 0 2 
6 0 0 1 0 0 0 0 1 1 1 1 0 2 0 0 27 12 11 8 8 2 2 2 8 0 0 0 0 0 0 1 23 5 51 3 341 59 3 5 16 0 3 11 5 3 12 1 0 11 11 9 6 3 4 2 13 0 0 0 0 0 1 0 3 1 4 2 5 0 1 0 0 0 0 0 0 0 1 0 1 0 1 0 1 0 0 1 0 0 0 0 0 0 
13 0 1 5 0 1 0 0 2 2 0 1 1 5 0 5 83 22 31 8 16 5 15 7 7 1 0 0 1 0 1 2 99 10 5 4 86 4 15 53 48 2 6 5 5 3 89 3 1 6 53 11 4 0 2 4 22 7 0 0 0 0 1 0 0 0 0 0 4 1 5 1 2 0 1 0 0 0 5 1 0 3 1 0 1 0 0 0 1 0 0 0 0 0 
25 0 2 1 0 1 1 0 3 3 1 3 0 9 0 15 140 40 23 12 9 15 14 17 12 0 0 0 0 0 0 1 132 4 4 7 38 1 4 11 42 5 4 5 7 26 79 6 3 8 16 43 9 2 0 3 33 5 0 0 1 0 1 0 4 2 0 10 3 4 0 0 3 0 0 1 0 1 8 0 1 0 0 1 0 0 0 0 1 3 0 0 0 1 
15 0 0 2 0 0 0 1 2 8 0 1 0 7 0 7 110 25 21 15 22 4 12 13 8 0 0 0 0 0 0 2 366 11 108 83 369 20 24 6 57 4 56 83 55 335 177 34 7 46 264 93 14 6 2 35 2 47 0 0 0 0 0 0 4 0 2 1 4 0 0 0 0 0 2 5 2 5 4 1 0 1 4 5 1 0 0 2 0 1 0 0 0 0 
1 0 0 2 0 0 0 0 0 2 1 1 0 4 0 1 16 8 11 3 4 1 4 4 2 0 4 0 0 0 0 0 50 13 23 12 12 2 8 3 20 13 14 7 9 5 47 9 0 29 14 6 12 2 3 1 1 2 0 0 0 0 0 0 8 0 1 0 3 2 2 0 1 2 6 1 1 0 3 5 0 3 0 1 2 1 0 1 1 0 0 0 0 0 
25 0 2 1 1 2 0 0 15 3 0 1 0 13 0 12 159 42 32 22 20 12 47 21 20 1 0 0 0 0 0 3 127 5 9 5 100 1 5 5 64 7 14 7 29 6 67 5 1 5 138 4 20 0 4 3 77 10 0 0 0 1 0 0 5 0 0 0 4 0 1 0 5 1 2 0 4 1 2 2 0 0 0 1 2 0 0 0 2 0 1 0 0 0 
40 1 1 2 0 0 0 0 99 9 0 1 1 20 0 23 310 78 57 31 34 37 40 30 26 1 1 0 0 1 1 9 359 8 19 77 326 18 6 4 105 8 14 282 8 4 175 12 1 8 110 20 19 11 6 5 204 36 0 0 3 0 3 0 7 0 0 2 8 0 0 0 4 3 0 7 1 1 3 2 2 2 3 0 1 1 1 1 5 2 0 0 0 2 
11 0 0 1 1 0 0 0 1 3 0 0 1 6 0 5 68 20 21 10 9 7 10 11 4 0 1 0 0 0 2 1 170 18 20 6 283 5 8 6 61 9 7 10 25 3 395 44 1 7 49 6 12 3 6 7 67 7 0 0 0 1 1 0 10 1 1 0 43 2 0 1 1 0 1 0 4 0 8 1 0 0 4 2 1 1 0 0 1 1 0 0 0 0 
38 0 2 6 0 1 1 0 3 14 2 2 1 16 0 22 386 101 58 42 41 18 39 27 27 0 0 0 0 0 3 5 434 14 15 129 392 6 306 7 102 6 84 5 11 61 160 6 1 4 116 107 16 1 1 5 127 27 0 0 0 0 3 0 11 2 0 4 4 1 9 2 5 0 4 0 1 1 2 0 1 0 1 2 2 1 2 1 3 2 1 0 0 0 
30 0 3 4 0 0 0 0 7 7 0 1 0 26 1 11 283 64 33 23 35 20 35 19 28 0 1 1 1 0 3 5 13 43 15 98 43 5 32 43 33 3 50 112 97 598 116 51 2 262 258 91 99 21 61 37 141 12 0 0 0 0 9 0 0 0 1 2 1 1 3 3 1 0 1 4 2 5 3 4 0 4 5 1 1 1 4 4 1 1 0 0 0 0 
10 0 2 2 1 0 0 0 1 1 0 0 1 9 0 5 51 14 19 9 10 9 5 2 7 1 0 0 0 0 1 1 53 3 1 3 50 3 3 20 25 6 5 7 3 2 30 16 0 10 50 9 10 0 2 2 31 7 0 0 0 0 0 0 10 0 0 0 3 0 0 0 1 1 3 1 0 1 1 3 0 1 3 0 0 0 1 0 2 0 0 0 0 0 
5 0 0 0 0 0 0 0 0 0 1 0 0 1 0 0 11 3 1 0 0 1 2 2 1 0 0 0 0 0 0 0 4 2 1 2 0 1 0 1 1 1 0 3 20 1 1 1 12 0 0 4 0 1 5 0 1 1 0 0 0 0 0 0 0 1 1 0 0 0 0 0 1 0 0 0 1 1 0 1 0 0 1 0 1 0 0 0 0 0 0 0 0 0 
29 1 3 5 1 0 1 0 5 11 1 0 2 22 0 17 300 63 43 31 36 25 38 21 21 0 0 1 0 0 0 4 308 4 13 130 266 10 18 2 95 13 60 343 17 27 203 1 1 32 171 110 43 9 2 2 170 24 0 0 0 2 4 0 9 2 1 4 4 1 0 1 2 0 5 5 1 4 7 2 0 1 2 2 6 0 0 0 6 0 0 0 0 1 
72 2 4 3 1 0 0 0 4 17 1 2 2 35 1 26 428 110 82 47 56 32 51 28 30 2 0 0 1 1 6 7 184 14 10 14 205 5 8 114 50 2 19 6 20 5 56 6 0 12 178 130 13 1 8 12 51 10 0 0 1 0 4 1 3 1 2 1 6 0 0 2 1 0 0 0 1 2 1 0 1 1 7 9 1 0 1 1 2 0 0 0 0 1 
36 0 0 5 2 2 0 0 0 4 1 0 0 12 0 15 207 58 40 17 27 9 20 10 20 0 0 0 0 1 0 2 431 4 10 4 322 0 4 156 57 8 3 3 7 7 329 7 2 14 83 89 25 3 2 5 195 32 0 0 0 2 2 1 19 0 0 1 9 1 0 2 5 1 0 0 0 0 9 1 1 0 3 4 2 1 0 0 3 2 0 0 0 1 
6 0 0 1 1 0 0 0 2 4 0 0 1 1 1 2 37 18 6 3 3 2 5 5 5 0 0 0 1 0 2 1 40 11 7 11 78 7 14 18 14 3 10 76 52 53 1 28 2 38 156 47 12 37 2 8 14 17 3 0 0 0 1 0 3 1 1 13 3 1 0 0 1 0 2 3 1 1 0 3 0 0 8 8 2 0 0 1 1 1 0 0 1 1 
3 0 0 0 0 0 1 0 2 1 0 0 0 2 0 1 17 5 11 5 5 1 8 10 0 0 0 0 0 0 0 0 175 5 4 2 353 0 1 0 27 1 5 4 6 3 15 3 2 17 4 2 5 4 1 0 11 1 0 0 0 0 1 0 1 0 0 0 11 0 0 1 1 0 0 0 0 0 0 0 0 2 0 1 1 2 1 1 1 0 0 0 0 0 
4 0 1 0 0 0 0 0 0 1 0 0 0 2 1 4 39 13 5 5 4 2 4 3 3 0 0 0 0 1 1 0 21 0 5 4 24 2 6 1 4 1 5 7 1 65 9 2 2 1 10 5 4 0 6 0 3 0 0 0 0 0 2 0 1 0 0 1 2 0 0 1 0 0 0 1 0 1 0 0 1 1 1 0 0 0 0 0 0 0 0 0 0 0 
16 0 0 0 1 0 0 0 1 1 0 1 0 4 0 3 41 14 28 11 6 3 4 1 4 0 0 0 0 0 0 2 12 0 4 18 5 1 3 0 15 2 0 2 1 3 11 2 1 1 5 2 1 1 0 96 55 4 0 0 0 0 2 1 1 0 0 1 1 0 1 0 0 0 1 0 1 1 4 0 0 0 0 1 0 0 0 34 0 0 0 0 0 0 
44 0 4 4 1 0 1 0 5 18 0 1 0 14 0 19 493 109 55 39 54 38 43 35 26 0 0 0 0 1 0 3 83 3 9 15 20 16 9 2 6 3 5 7 2 35 58 3 2 4 65 3 10 0 2 3 17 27 0 0 0 3 3 1 4 0 0 0 2 0 0 0 0 2 1 0 0 2 4 0 0 2 3 1 1 0 1 2 1 1 0 0 0 2 
11 0 0 2 1 0 0 0 0 5 0 1 0 5 0 9 92 19 11 13 12 5 9 7 6 0 0 0 0 0 2 1 69 1 2 2 24 1 2 0 7 0 0 1 2 3 23 1 0 1 3 2 6 0 0 7 42 52 0 0 0 0 1 0 6 0 1 0 1 0 0 0 2 0 0 0 0 1 2 1 0 1 0 2 1 0 0 0 1 4 0 0 0 0 
0 0 0 0 0 0 3 0 0 0 0 0 1 0 0 0 0 0 1 0 0 0 0 0 1 0 1 0 0 0 0 0 0 0 0 0 0 0 0 0 0 0 0 0 0 0 0 0 0 0 0 0 0 0 0 0 0 0 5 0 34 0 0 0 0 0 0 0 0 0 0 0 1 0 0 4 0 1 0 1 3 0 1 0 0 2 0 0 0 0 0 0 0 0 
0 0 0 0 0 0 0 0 0 0 0 0 0 0 0 0 0 0 0 0 0 0 0 0 0 0 0 0 0 0 0 0 0 0 0 0 0 0 0 0 0 0 0 0 0 0 0 0 0 0 0 0 0 0 0 0 0 0 0 0 0 0 0 0 0 0 0 0 0 0 0 0 0 0 0 0 0 0 0 0 0 0 0 0 0 0 0 0 0 0 0 0 0 0 
0 0 1 0 0 0 4 0 0 2 0 3 2 1 0 0 6 2 2 0 1 0 1 1 0 0 2 0 1 0 0 0 0 0 0 0 0 0 0 0 0 0 0 0 0 1 0 0 0 0 0 0 0 0 0 0 0 0 3 0 27 0 0 0 0 0 1 7 0 0 0 0 3 2 7 0 4 2 1 2 1 2 1 2 4 3 0 3 0 2 0 0 0 0 
2 0 0 1 7 10 0 0 0 7 0 1 0 0 0 0 3 4 1 0 0 2 0 0 2 0 1 0 0 0 0 1 0 0 0 0 0 0 0 0 0 0 0 0 0 0 0 0 0 0 1 0 1 0 0 0 2 0 0 0 2 66 1 0 0 0 0 0 1 0 1 2 0 0 0 0 0 1 1 0 0 0 0 0 0 0 0 0 0 0 0 0 0 1 
14 1 0 4 0 1 1 1 6 15 4 0 6 10 1 56 477 160 111 69 79 62 108 66 78 3 0 1 0 0 2 5 1 4 1 3 2 2 2 0 1 3 2 3 1 1 3 0 0 2 5 4 3 2 1 4 0 0 0 0 1 13 126 0 31 17 7 19 9 8 15 11 4 14 20 13 18 6 6 8 0 10 18 15 8 5 2 44 2 5 0 0 0 1 
1 0 0 0 0 0 0 0 0 0 1 0 0 0 0 1 35 8 2 3 1 0 0 1 1 0 0 0 1 1 0 1 0 0 0 1 0 0 0 0 0 0 0 0 0 0 0 0 0 0 0 0 0 0 0 0 0 0 0 0 0 0 0 23 1 0 0 0 0 0 0 0 0 0 0 0 0 0 0 0 0 0 2 0 0 0 0 0 0 0 0 0 0 0 
640 13 29 55 4 9 13 1 63 239 24 30 34 541 15 308 5817 1633 908 569 735 440 872 545 530 4 9 5 10 4 45 65 8 1 5 4 4 3 7 6 4 8 8 6 6 19 1 6 2 14 14 7 2 2 1 3 4 5 1 0 13 4 88 9 1105 628 976 2598 1089 278 565 3156 1400 378 1496 3696 3338 14713 751 678 187 5517 5601 3001 623 241 577 520 4307 981 1 0 3 18 
80 0 6 6 0 2 4 1 8 13 4 10 3 46 3 48 614 186 161 79 90 60 99 57 56 0 14 1 1 1 6 4 4 2 0 0 4 0 0 0 0 1 0 1 2 20 0 1 0 0 1 0 0 0 1 0 4 1 0 0 3 0 5 0 1119 480 273 118 2002 99 88 66 739 85 75 74 100 70 803 45 25 97 504 66 275 42 27 29 3847 176 0 0 0 4 
104 0 5 11 1 2 0 0 7 36 3 2 4 85 1 73 923 226 248 126 116 60 125 96 81 0 0 0 2 0 11 18 0 0 0 1 7 0 0 7 0 0 7 1 1 0 0 1 1 1 0 2 1 0 0 0 0 1 0 0 2 0 5 2 2951 99 318 135 4707 73 73 3590 479 87 5617 83 119 52 2279 108 25 158 475 363 264 91 37 38 627 114 0 1 0 2 
387 6 10 31 6 1 3 3 23 99 7 7 15 215 1 190 2697 734 538 305 304 260 432 275 259 1 6 1 1 4 29 29 10 3 1 2 5 0 2 1 2 4 0 1 1 2 5 0 1 2 4 0 0 1 1 1 3 2 0 0 19 7 23 6 4302 92 166 422 3088 152 94 107 959 169 88 107 141 49 2263 82 40 169 1807 134 256 43 56 81 2973 393 0 0 3 7 
1521 8 58 102 6 6 18 0 60 363 18 36 44 766 14 655 10632 3093 1851 1254 1206 836 1540 992 867 5 17 4 14 9 133 83 3 4 3 7 6 2 7 2 0 1 2 15 7 12 1 5 1 38 24 6 9 1 1 8 7 6 1 0 25 6 83 26 1601 366 343 2662 3753 373 341 448 635 207 904 6471 1031 8134 763 609 81 23454 11471 2904 693 353 1042 1139 5049 2216 0 0 7 42 
90 0 4 7 0 1 0 0 5 17 3 3 2 50 3 36 551 156 151 100 72 60 76 60 59 0 5 0 2 1 7 10 0 0 0 0 1 4 0 1 1 0 0 1 0 4 0 0 0 0 0 0 0 1 0 2 0 1 0 0 3 1 8 0 498 66 369 69 3964 1182 86 42 249 35 34 128 110 26 156 33 15 71 152 357 204 35 19 40 363 28 0 0 0 3 
224 2 12 24 7 0 1 0 9 57 7 8 5 117 1 121 1648 465 294 206 203 148 248 159 144 1 5 1 1 0 15 12 2 2 2 2 4 0 3 0 3 0 0 0 1 2 1 0 1 3 0 0 1 0 0 1 0 0 0 0 8 2 10 4 1712 77 83 75 1876 55 382 1059 1026 48 32 61 109 120 1615 57 21 115 1141 159 145 47 42 31 533 210 0 0 0 4 
331 2 10 23 2 3 7 2 11 76 7 17 10 157 4 172 2000 565 317 204 204 181 311 203 170 1 25 0 4 0 16 22 7 1 2 0 1 0 0 0 2 1 1 0 0 2 4 1 0 0 1 2 0 0 1 0 2 1 0 0 9 3 13 4 3005 63 99 71 948 38 84 204 1318 70 107 115 101 610 1447 118 20 114 277 998 397 26 31 53 663 62 0 0 0 5 
244 1 4 15 1 0 2 1 16 68 10 6 10 127 7 140 1877 525 370 220 365 137 301 173 194 0 4 0 3 1 20 32 10 1 4 5 4 2 2 0 8 1 2 10 2 33 3 3 2 0 3 6 0 0 0 2 1 5 1 0 6 2 15 3 5869 171 2342 1683 8187 339 634 164 797 69 1309 2255 1522 7201 2266 612 164 1021 5346 2397 271 162 68 726 66 951 0 0 0 6 
23 0 2 0 0 0 2 0 2 12 3 2 0 31 1 24 214 66 59 44 46 35 42 35 26 0 4 0 1 0 1 5 0 0 0 0 1 0 1 1 0 4 1 0 0 0 0 1 1 0 1 2 3 0 0 1 0 0 0 0 0 0 4 0 1152 115 193 117 562 61 67 83 311 236 197 91 184 79 744 116 19 385 127 117 181 52 53 22 39 28 0 0 0 0 
364 2 6 26 3 1 5 0 11 74 5 13 19 142 4 163 2284 703 419 243 344 405 744 436 283 3 12 0 7 2 26 15 5 0 1 0 4 0 1 1 2 1 2 4 0 2 1 2 0 0 5 1 3 0 0 2 1 3 1 0 10 1 15 3 2937 91 104 109 2651 44 59 108 1738 80 306 154 322 63 1831 105 21 88 2992 102 524 23 37 41 1616 302 0 0 0 5 
585 5 20 37 4 3 3 2 31 156 4 18 17 265 9 299 4037 1092 833 463 508 392 694 458 449 1 26 1 8 6 36 50 23 1 0 1 9 0 0 0 3 2 2 9 0 4 6 2 0 1 2 2 2 0 0 1 3 5 0 0 18 5 43 8 5943 184 129 1529 7479 503 96 72 1985 93 327 4988 247 89 3014 170 29 81 2138 310 558 240 54 73 4107 800 0 1 3 16 
166 1 7 8 1 0 1 0 18 55 6 10 9 131 1 145 1458 342 431 162 172 103 205 143 125 1 1 1 3 0 13 24 8 1 1 0 6 0 1 0 0 0 0 2 2 21 9 3 0 0 0 2 1 0 0 1 2 1 0 0 3 0 12 1 3127 325 243 121 5216 82 143 125 1386 120 101 110 461 166 3444 744 25 139 868 116 242 70 80 90 1279 173 0 0 1 9 
722 3 23 52 6 7 7 1 32 191 8 18 28 362 5 395 5810 1577 995 599 634 470 812 517 503 4 5 2 7 5 57 65 10 6 1 8 10 0 17 1 2 5 3 0 4 0 4 1 2 4 8 5 2 0 1 5 1 2 0 0 12 2 57 10 8874 98 263 2409 9119 59 8333 294 2328 118 1985 80 149 1982 2599 66 36 102 2493 2090 468 73 61 236 2714 635 0 1 2 10 
410 8 20 16 3 2 4 3 45 112 21 11 22 319 8 270 3625 1023 530 335 449 293 592 342 386 3 7 0 7 2 41 42 1 5 3 3 1 1 1 3 0 0 4 8 4 50 12 3 1 11 7 2 3 2 6 9 4 3 2 0 13 3 41 3 381 752 336 1756 1033 223 1201 1027 683 134 1094 2777 2415 10855 2069 1263 39 3773 3894 2258 2000 322 1563 1050 2797 322 1 0 0 9 
129 1 7 6 0 0 0 0 13 32 3 5 8 95 2 102 880 242 199 91 107 81 114 98 80 1 18 1 1 0 11 8 1 0 0 0 1 1 1 0 0 0 1 2 1 21 1 4 0 0 0 0 0 0 0 0 0 0 5 0 7 3 7 1 1023 52 84 56 950 73 68 464 437 53 70 108 86 59 768 310 18 111 1029 127 124 40 41 38 750 159 0 0 0 3 
6 1 0 0 0 0 0 0 1 3 0 0 0 5 0 9 71 22 6 5 6 4 12 15 3 0 0 0 0 0 3 1 0 0 0 0 0 0 0 0 1 0 1 0 0 0 0 0 0 0 0 0 0 0 0 2 0 0 0 0 0 0 1 0 55 20 14 17 24 12 16 16 36 9 11 7 216 16 26 25 64 23 17 64 47 16 56 12 21 23 0 0 0 0 
600 3 21 39 6 5 3 0 21 165 3 11 26 304 7 299 4621 1186 815 579 595 392 695 511 396 5 9 2 8 4 29 47 10 1 0 7 4 1 0 0 3 0 5 5 3 2 5 3 0 0 7 7 4 0 0 6 6 4 1 0 13 2 29 5 5614 138 240 2635 4447 237 443 73 2082 115 1291 5441 450 991 3317 160 34 553 3087 2238 734 77 55 99 3133 376 0 1 1 12 
1079 5 37 55 11 8 11 0 47 251 19 18 33 523 12 389 6554 1944 1199 729 768 546 930 598 581 9 14 0 11 10 95 55 2 3 1 4 2 1 1 2 2 3 0 1 2 1 3 2 0 3 12 6 0 0 1 6 1 2 2 0 13 4 55 16 3036 134 224 251 4327 86 122 2429 830 106 221 93 298 123 859 176 35 117 4123 3022 483 36 77 131 1042 177 0 2 4 23 
617 6 11 32 5 0 6 1 15 116 6 11 23 250 4 284 3530 910 635 391 418 324 501 330 324 1 3 0 4 3 35 45 24 2 0 2 4 1 0 1 1 1 2 2 1 5 11 0 0 2 6 2 4 0 0 1 2 6 0 0 9 2 35 6 7089 90 140 101 6142 51 91 3123 1587 95 106 121 146 79 4523 60 43 190 2270 1905 519 87 62 97 3490 720 0 0 2 7 
147 2 5 9 0 0 1 0 7 40 4 6 9 67 3 48 647 399 138 62 102 59 100 85 79 1 3 0 2 0 19 11 1 1 0 3 2 0 0 0 1 2 2 1 2 3 0 0 2 3 10 3 1 2 1 0 0 0 1 0 8 1 9 3 730 423 154 472 1546 101 414 304 572 73 480 1474 1135 1369 71 525 33 892 3283 1110 173 687 55 288 364 475 0 0 1 8 
49 0 3 2 1 1 8 0 3 10 0 16 0 36 1 21 435 98 229 60 42 37 62 39 39 0 0 0 0 0 7 31 2 0 0 0 6 0 3 0 1 1 0 1 1 0 0 0 0 4 1 0 0 0 0 0 0 0 1 0 4 0 4 0 3169 52 66 80 6377 29 38 30 504 47 25 39 46 50 391 99 17 347 124 50 215 60 15 19 270 56 0 0 0 1 
95 0 2 2 1 0 1 0 4 17 3 0 1 47 1 36 571 160 113 75 64 46 71 59 59 0 2 0 1 0 11 9 1 0 0 0 1 0 0 0 1 1 0 0 0 6 0 1 0 0 1 1 0 0 2 1 0 0 0 0 5 0 5 0 463 28 35 59 332 16 82 52 213 18 111 121 34 1180 174 29 35 60 332 63 42 18 101 23 76 34 0 0 0 3 
144 1 6 4 0 0 0 0 7 27 2 3 35 61 3 78 679 262 354 105 85 71 98 69 61 1 1 0 2 0 5 4 0 1 1 33 0 0 0 0 0 0 1 0 3 0 0 2 1 1 0 1 0 0 1 40 1 0 0 0 8 0 10 0 275 19 175 104 104 12 20 24 244 20 12 40 20 21 312 59 27 34 130 59 35 17 22 1578 998 86 0 0 0 5 
876 5 22 65 5 3 15 0 22 184 10 12 18 342 6 299 5873 1575 887 564 681 509 845 484 470 0 9 2 9 6 50 39 6 2 0 3 1 2 3 2 3 1 2 1 0 2 3 3 0 0 5 0 0 1 3 2 0 1 29 0 7 4 46 10 1794 85 98 424 782 449 93 66 139 73 112 250 148 820 1050 59 49 90 1363 121 281 30 33 86 277 424 0 0 5 20 
155 0 1 7 1 1 2 0 8 36 2 3 8 63 0 60 1009 251 155 105 90 75 148 76 92 0 0 3 0 0 9 12 4 1 0 0 0 0 0 0 1 2 1 0 0 0 1 0 0 0 0 1 0 0 0 0 1 13 0 0 4 1 8 1 2010 21 20 27 535 20 14 41 348 16 29 34 30 49 425 20 18 21 69 56 133 20 14 113 819 819 0 0 0 3 
0 0 0 0 0 0 0 0 0 1 1 0 0 0 0 0 0 0 0 0 0 0 0 0 0 0 0 0 0 0 0 0 0 0 0 0 0 0 0 0 0 0 0 0 0 1 0 0 0 0 0 0 0 0 0 0 0 0 0 0 0 0 0 0 0 0 0 0 0 0 1 0 0 0 0 0 0 0 0 0 0 0 0 0 0 0 0 0 0 0 1 0 3 0 
2 0 0 0 0 0 0 0 0 1 0 0 0 0 0 0 0 0 0 0 0 0 0 0 0 0 0 0 0 0 0 0 0 0 0 0 0 0 0 0 0 0 0 0 0 0 0 0 0 0 0 0 0 1 0 0 0 0 0 0 0 0 0 0 0 0 0 0 0 0 0 0 0 0 0 0 0 0 0 0 0 0 1 0 0 0 0 0 0 0 0 5 1 0 
0 0 0 0 0 0 0 0 0 1 1 0 0 0 0 0 0 0 0 0 0 0 0 0 1 0 0 0 0 0 0 0 0 0 0 0 0 0 0 0 0 0 0 0 0 0 0 0 0 1 0 0 0 0 0 0 0 0 0 0 1 0 0 0 0 0 0 0 0 0 0 0 0 0 0 0 0 0 0 0 0 0 0 0 0 0 0 0 0 0 3 0 4 0 
12 0 2 1 0 1 0 0 0 27 1 0 0 0 0 0 15 4 1 4 0 0 6 0 1 0 0 0 0 0 0 1 1 0 0 1 0 0 0 0 0 0 0 0 0 0 0 0 0 0 0 0 0 0 0 1 0 0 0 0 0 1 0 3 0 0 0 0 0 0 0 0 0 0 0 0 0 0 0 0 0 0 2 0 0 0 0 1 0 0 0 0 1 35 
